Ýlk Okuma
 Experiment126 0.020124799999990728
   Exp  Job  O1  O2  O3  O4  O5  O6  O7  O8  O9  O10  PROC  SETUP
0  126   J1   0   3   0   1   2   5   7   4   0    0     5     42
1  126   J2   0   0   2   0   0   0   0   0   0    0    10     20
2  126   J3   0   0   0   0   0   0   0   0   8    3     8      9
3  126   J4   1   1   5   0   3   7   3   2   5    3     2     21
4  126   J5   0   0   0   6   0   0   0   0   0    0     9     29
5  126   J6   0   0   0   0   0   4   0   0   0    0     6     46
6  126   J7   3   9   4   3   9   7   2   3   2    0     5     17
7  126   J8   0   0   0   0   0   1   6   0   0    7     6     38
8  126   J9   0   3   4   0   0   0   0   0   0    0     6      6
9  126  J10   0   0   0   0   2   1   0   0   0    0     8      0 
 Experiment126
Sum Eklendi
 Experiment126
   Job  O1  O2  O3  O4  O5  O6  O7  O8  O9  O10  PROC  SETUP  SUM
0  J10   0   0   0   0  16   8   0   0   0    0     8      0   24
1   J2   0   0  20   0   0   0   0   0   0    0    10     20   40
2   J9   0  18  24   0   0   0   0   0   0    0     6      6   48
3   J6   0   0   0   0   0  24   0   0   0    0     6     46   70
4   J4   2   2  10   0   6  14   6   4  10    6     2     21   81
5   J5   0   0   0  54   0   0   0   0   0    0     9     29   83
6   J3   0   0   0   0   0   0   0   0  64   24     8      9   97
7   J8   0   0   0   0   0   6  36   0   0   42     6     38  122
8   J1   0  15   0   5  10  25  35  20   0    0     5     42  152
9   J7  15  45  20  15  45  35  10  15  10    0     5     17  227 


df1 Eklendi
 Experiment126
Job  J10  J2  J9  J6  J4  J5  J3  J8  J1  J7
O1     0   0   0   0   2   0   0   0   0  15
O2     0   0  18   0   2   0   0   0  15  45
O3     0  20  24   0  10   0   0   0   0  20
O4     0   0   0   0   0  54   0   0   5  15
O5    16   0   0   0   6   0   0   0  10  45
O6     8   0   0  24  14   0   0   6  25  35
O7     0   0   0   0   6   0   0  36  35  10
O8     0   0   0   0   4   0   0   0  20  15
O9     0   0   0   0  10   0  64   0   0  10
O10    0   0   0   0   6   0  24  42   0   0 


df2 Eklendi
 Experiment126
Job    J10  J2  J9  J6  J4  J5  J3  J8  J1  J7
O1       0   0   0   0   2   0   0   0   0  15
O2       0   0  18   0   2   0   0   0  15  45
O3       0  20  24   0  10   0   0   0   0  20
O4       0   0   0   0   0  54   0   0   5  15
O5      16   0   0   0   6   0   0   0  10  45
O6       8   0   0  24  14   0   0   6  25  35
O7       0   0   0   0   6   0   0  36  35  10
O8       0   0   0   0   4   0   0   0  20  15
O9       0   0   0   0  10   0  64   0   0  10
O10      0   0   0   0   6   0  24  42   0   0
PROC     8  10   6   6   2   9   8   6   5   5
SETUP    0  20   6  46  21  29   9  38  42  17 


JobListe Eklendi
 Experiment126
0    J10
1     J2
2     J9
3     J6
4     J4
5     J5
6     J3
7     J8
8     J1
9     J7
Name: Job, dtype: object 


Sýralama Eklendi
 Experiment126
{'J10': ['O6', 'O5'], 'J3': ['O10', 'O9'], 'J2': ['O3'], 'J5': ['O4'], 'J6': ['O6'], 'J9': ['O2', 'O3'], 'J1': ['O4', 'O5', 'O2', 'O8', 'O6', 'O7'], 'J4': ['O1', 'O2', 'O8', 'O5', 'O7', 'O10', 'O3', 'O9', 'O6'], 'J8': ['O6', 'O7', 'O10'], 'J7': ['O7', 'O9', 'O1', 'O4', 'O8', 'O3', 'O6', 'O2', 'O5']} 


orderToplamListesi Eklendi
 Experiment126
{'O1': 769, 'O6': 854, 'O3': 819, 'O2': 899, 'O4': 784, 'O5': 944, 'O9': 754, 'O10': 565, 'O8': 799, 'O7': 744} 


Toplam Eklendi
 Experiment126
Toplam 7931 Geçen Süre : 1.0394705999999871 sn 


Dosyada Geçen Süre : 1.0437810999999897 sn 


Toplamda Geçen Süre : 134.5008029 sn 


Ýlk Okuma
 Experiment127 0.0678126999999904
   Exp  Job  O1  O2  O3  O4  O5  O6  O7  O8  O9  O10  PROC  SETUP
0  127   J1   4   0   2   0   0   0   0   0   0    0     8      8
1  127   J2   6   2   4   2   2   4   3   7   3    0     3     24
2  127   J3   3   2   0   0   0   0   8   4   5    7     5    142
3  127   J4   2   1   0   0   0   8   5   7   0    0     6      8
4  127   J5   7   5   0   3   0   0   0   6   2    8     5     21
5  127   J6   0   0   5   3   9   7   0   0   0    8    10     89
6  127   J7   2   8   4   3   0   0   7   5   0    0     2     75
7  127   J8   5   0   4   7   4   5   0   0   3    2    10     93
8  127   J9   0   0   0   0   2   1  10   4   5    0     6     50
9  127  J10   0   0   0   0   0   0   1   4   3    6     2    143 
 Experiment127
Sum Eklendi
 Experiment127
   Job  O1  O2  O3  O4  O5  O6  O7  O8  O9  O10  PROC  SETUP  SUM
0   J1  32   0  16   0   0   0   0   0   0    0     8      8   56
1   J2  18   6  12   6   6  12   9  21   9    0     3     24  123
2   J7   4  16   8   6   0   0  14  10   0    0     2     75  133
3   J4  12   6   0   0   0  48  30  42   0    0     6      8  146
4  J10   0   0   0   0   0   0   2   8   6   12     2    143  171
5   J5  35  25   0  15   0   0   0  30  10   40     5     21  176
6   J9   0   0   0   0  12   6  60  24  30    0     6     50  182
7   J3  15  10   0   0   0   0  40  20  25   35     5    142  287
8   J8  50   0  40  70  40  50   0   0  30   20    10     93  393
9   J6   0   0  50  30  90  70   0   0   0   80    10     89  409 


df1 Eklendi
 Experiment127
Job  J1  J2  J7  J4  J10  J5  J9  J3  J8  J6
O1   32  18   4  12    0  35   0  15  50   0
O2    0   6  16   6    0  25   0  10   0   0
O3   16  12   8   0    0   0   0   0  40  50
O4    0   6   6   0    0  15   0   0  70  30
O5    0   6   0   0    0   0  12   0  40  90
O6    0  12   0  48    0   0   6   0  50  70
O7    0   9  14  30    2   0  60  40   0   0
O8    0  21  10  42    8  30  24  20   0   0
O9    0   9   0   0    6  10  30  25  30   0
O10   0   0   0   0   12  40   0  35  20  80 


df2 Eklendi
 Experiment127
Job    J1  J2  J7  J4  J10  J5  J9   J3  J8  J6
O1     32  18   4  12    0  35   0   15  50   0
O2      0   6  16   6    0  25   0   10   0   0
O3     16  12   8   0    0   0   0    0  40  50
O4      0   6   6   0    0  15   0    0  70  30
O5      0   6   0   0    0   0  12    0  40  90
O6      0  12   0  48    0   0   6    0  50  70
O7      0   9  14  30    2   0  60   40   0   0
O8      0  21  10  42    8  30  24   20   0   0
O9      0   9   0   0    6  10  30   25  30   0
O10     0   0   0   0   12  40   0   35  20  80
PROC    8   3   2   6    2   5   6    5  10  10
SETUP   8  24  75   8  143  21  50  142  93  89 


JobListe Eklendi
 Experiment127
0     J1
1     J2
2     J7
3     J4
4    J10
5     J5
6     J9
7     J3
8     J8
9     J6
Name: Job, dtype: object 


Sýralama Eklendi
 Experiment127
{'J10': ['O7', 'O9', 'O8', 'O10'], 'J3': ['O2', 'O1', 'O8', 'O9', 'O10', 'O7'], 'J2': ['O2', 'O4', 'O5', 'O7', 'O9', 'O3', 'O6', 'O1', 'O8'], 'J5': ['O9', 'O4', 'O2', 'O8', 'O1', 'O10'], 'J6': ['O4', 'O3', 'O6', 'O10', 'O5'], 'J9': ['O6', 'O5', 'O8', 'O9', 'O7'], 'J1': ['O3', 'O1'], 'J4': ['O2', 'O1', 'O7', 'O8', 'O6'], 'J8': ['O10', 'O9', 'O3', 'O5', 'O1', 'O6', 'O4'], 'J7': ['O1', 'O4', 'O3', 'O8', 'O7', 'O2']} 


orderToplamListesi Eklendi
 Experiment127
{'O1': 1547, 'O6': 1906, 'O3': 1836, 'O2': 1139, 'O4': 1786, 'O5': 2076, 'O9': 1417, 'O10': 1986, 'O8': 1174, 'O7': 1274} 


Toplam Eklendi
 Experiment127
Toplam 16141 Geçen Süre : 1.139907199999982 sn 


Dosyada Geçen Süre : 1.1459233999999867 sn 


Toplamda Geçen Süre : 135.6591396 sn 


Ýlk Okuma
 Experiment128 0.02318969999998899
   Exp  Job  O1  O2  O3  O4  O5  O6  O7  O8  O9  O10  PROC  SETUP
0  128   J1   0   0   1   9   8   5   0  10   0    0     3     21
1  128   J2   0   6   8   0   0   0  10   0   1    9     2      2
2  128   J3   3   6  10   3   6   5  10   1   3    5     3     57
3  128   J4   2   6   3   2   6   8   4   5   5    0     4      6
4  128   J5   3   2   3   9   6   5   0   0   0    0     8     72
5  128   J6   0   0   0   0   9   4   5   2   1    6     4     16
6  128   J7   7   3   6   4   5   6   0   0   0    0     1     55
7  128   J8   0   0   0   1   6   9   8   3   0    0     9     41
8  128   J9   0   6   2   0   0   0   7   4   0    0     8     73
9  128  J10   0   0   0   0   3   0   5   8   7    1     7     98 
 Experiment128
Sum Eklendi
 Experiment128
   Job  O1  O2  O3  O4  O5  O6  O7  O8  O9  O10  PROC  SETUP  SUM
0   J2   0  12  16   0   0   0  20   0   2   18     2      2   70
1   J7   7   3   6   4   5   6   0   0   0    0     1     55   86
2   J1   0   0   3  27  24  15   0  30   0    0     3     21  120
3   J6   0   0   0   0  36  16  20   8   4   24     4     16  124
4   J4   8  24  12   8  24  32  16  20  20    0     4      6  170
5   J3   9  18  30   9  18  15  30   3   9   15     3     57  213
6   J9   0  48  16   0   0   0  56  32   0    0     8     73  225
7  J10   0   0   0   0  21   0  35  56  49    7     7     98  266
8   J8   0   0   0   9  54  81  72  27   0    0     9     41  284
9   J5  24  16  24  72  48  40   0   0   0    0     8     72  296 


df1 Eklendi
 Experiment128
Job  J2  J7  J1  J6  J4  J3  J9  J10  J8  J5
O1    0   7   0   0   8   9   0    0   0  24
O2   12   3   0   0  24  18  48    0   0  16
O3   16   6   3   0  12  30  16    0   0  24
O4    0   4  27   0   8   9   0    0   9  72
O5    0   5  24  36  24  18   0   21  54  48
O6    0   6  15  16  32  15   0    0  81  40
O7   20   0   0  20  16  30  56   35  72   0
O8    0   0  30   8  20   3  32   56  27   0
O9    2   0   0   4  20   9   0   49   0   0
O10  18   0   0  24   0  15   0    7   0   0 


df2 Eklendi
 Experiment128
Job    J2  J7  J1  J6  J4  J3  J9  J10  J8  J5
O1      0   7   0   0   8   9   0    0   0  24
O2     12   3   0   0  24  18  48    0   0  16
O3     16   6   3   0  12  30  16    0   0  24
O4      0   4  27   0   8   9   0    0   9  72
O5      0   5  24  36  24  18   0   21  54  48
O6      0   6  15  16  32  15   0    0  81  40
O7     20   0   0  20  16  30  56   35  72   0
O8      0   0  30   8  20   3  32   56  27   0
O9      2   0   0   4  20   9   0   49   0   0
O10    18   0   0  24   0  15   0    7   0   0
PROC    2   1   3   4   4   3   8    7   9   8
SETUP   2  55  21  16   6  57  73   98  41  72 


JobListe Eklendi
 Experiment128
0     J2
1     J7
2     J1
3     J6
4     J4
5     J3
6     J9
7    J10
8     J8
9     J5
Name: Job, dtype: object 


Sýralama Eklendi
 Experiment128
{'J10': ['O10', 'O5', 'O7', 'O9', 'O8'], 'J3': ['O8', 'O1', 'O4', 'O9', 'O6', 'O10', 'O2', 'O5', 'O3', 'O7'], 'J2': ['O9', 'O2', 'O3', 'O10', 'O7'], 'J5': ['O2', 'O1', 'O3', 'O6', 'O5', 'O4'], 'J6': ['O9', 'O8', 'O6', 'O7', 'O10', 'O5'], 'J9': ['O3', 'O8', 'O2', 'O7'], 'J1': ['O3', 'O6', 'O5', 'O4', 'O8'], 'J4': ['O1', 'O4', 'O3', 'O7', 'O8', 'O9', 'O2', 'O5', 'O6'], 'J8': ['O4', 'O8', 'O5', 'O7', 'O6'], 'J7': ['O2', 'O4', 'O5', 'O3', 'O6', 'O1']} 


orderToplamListesi Eklendi
 Experiment128
{'O1': 1670, 'O6': 1734, 'O3': 1694, 'O2': 1646, 'O4': 1854, 'O5': 1782, 'O9': 1218, 'O10': 1113, 'O8': 1351, 'O7': 1477} 


Toplam Eklendi
 Experiment128
Toplam 15539 Geçen Süre : 1.0680993 sn 


Dosyada Geçen Süre : 1.0748303999999962 sn 


Toplamda Geçen Süre : 136.7442026 sn 


Ýlk Okuma
 Experiment129 0.021909200000010287
   Exp  Job  O1  O2  O3  O4  O5  O6  O7  O8  O9  O10  PROC  SETUP
0  129   J1   3   9   8   0   0   1   0   5   0    2     3     46
1  129   J2   0   0   0   0   5   0   0   0   0    0     3     14
2  129   J3   3   8   5   0   2   0   0   0   9    0     2     46
3  129   J4   0   2   5   0   0   2   4   0   0    0     3     18
4  129   J5   6   8   3   3   7   6  10   3   5    9    10     45
5  129   J6   0   0   0   0   0   0   0   0   0    1     3     38
6  129   J7   0   0   0   1   0   0   0   0   0    0     5     27
7  129   J8   8   8   5  10   5   9   9   4   6    5     8     16
8  129   J9   0   0   0   9   0   0   0   5   6    3     1     45
9  129  J10   0   0   0   0   0   3   8   0   0    0     3     30 
 Experiment129
Sum Eklendi
 Experiment129
   Job  O1  O2  O3  O4  O5  O6   O7  O8  O9  O10  PROC  SETUP  SUM
0   J2   0   0   0   0  15   0    0   0   0    0     3     14   29
1   J7   0   0   0   5   0   0    0   0   0    0     5     27   32
2   J6   0   0   0   0   0   0    0   0   0    3     3     38   41
3   J4   0   6  15   0   0   6   12   0   0    0     3     18   57
4  J10   0   0   0   0   0   9   24   0   0    0     3     30   63
5   J9   0   0   0   9   0   0    0   5   6    3     1     45   68
6   J3   6  16  10   0   4   0    0   0  18    0     2     46  100
7   J1   9  27  24   0   0   3    0  15   0    6     3     46  130
8   J8  64  64  40  80  40  72   72  32  48   40     8     16  568
9   J5  60  80  30  30  70  60  100  30  50   90    10     45  645 


df1 Eklendi
 Experiment129
Job  J2  J7  J6  J4  J10  J9  J3  J1  J8   J5
O1    0   0   0   0    0   0   6   9  64   60
O2    0   0   0   6    0   0  16  27  64   80
O3    0   0   0  15    0   0  10  24  40   30
O4    0   5   0   0    0   9   0   0  80   30
O5   15   0   0   0    0   0   4   0  40   70
O6    0   0   0   6    9   0   0   3  72   60
O7    0   0   0  12   24   0   0   0  72  100
O8    0   0   0   0    0   5   0  15  32   30
O9    0   0   0   0    0   6  18   0  48   50
O10   0   0   3   0    0   3   0   6  40   90 


df2 Eklendi
 Experiment129
Job    J2  J7  J6  J4  J10  J9  J3  J1  J8   J5
O1      0   0   0   0    0   0   6   9  64   60
O2      0   0   0   6    0   0  16  27  64   80
O3      0   0   0  15    0   0  10  24  40   30
O4      0   5   0   0    0   9   0   0  80   30
O5     15   0   0   0    0   0   4   0  40   70
O6      0   0   0   6    9   0   0   3  72   60
O7      0   0   0  12   24   0   0   0  72  100
O8      0   0   0   0    0   5   0  15  32   30
O9      0   0   0   0    0   6  18   0  48   50
O10     0   0   3   0    0   3   0   6  40   90
PROC    3   5   3   3    3   1   2   3   8   10
SETUP  14  27  38  18   30  45  46  46  16   45 


JobListe Eklendi
 Experiment129
0     J2
1     J7
2     J6
3     J4
4    J10
5     J9
6     J3
7     J1
8     J8
9     J5
Name: Job, dtype: object 


Sýralama Eklendi
 Experiment129
{'J10': ['O6', 'O7'], 'J3': ['O5', 'O1', 'O3', 'O2', 'O9'], 'J2': ['O5'], 'J5': ['O3', 'O4', 'O8', 'O9', 'O1', 'O6', 'O5', 'O2', 'O10', 'O7'], 'J6': ['O10'], 'J9': ['O10', 'O8', 'O9', 'O4'], 'J1': ['O6', 'O10', 'O1', 'O8', 'O3', 'O2'], 'J4': ['O2', 'O6', 'O7', 'O3'], 'J8': ['O8', 'O3', 'O5', 'O10', 'O9', 'O1', 'O2', 'O6', 'O7', 'O4'], 'J7': ['O4']} 


orderToplamListesi Eklendi
 Experiment129
{'O1': 1333, 'O6': 1393, 'O3': 1163, 'O2': 1543, 'O4': 1193, 'O5': 1463, 'O9': 1273, 'O10': 1633, 'O8': 1223, 'O7': 1733} 


Toplam Eklendi
 Experiment129
Toplam 13950 Geçen Süre : 1.201785000000001 sn 


Dosyada Geçen Süre : 1.2072642999999914 sn 


Toplamda Geçen Süre : 137.9636052 sn 


Ýlk Okuma
 Experiment130 0.019906099999985827
   Exp  Job  O1  O2  O3  O4  O5  O6  O7  O8  O9  O10  PROC  SETUP
0  130   J1   9   1   0   6   4   8   5   1   0    0    10     15
1  130   J2   0   0   0   0  10   4   5   3   2    9     5     25
2  130   J3   0   0   1   2   1  10   2   0   0    0     6     37
3  130   J4   1   8   0   0   0   0   0   0   0    0     1     16
4  130   J5   0   0   6   8   0   9  10   3   1    0     7     12
5  130   J6  10   2   3   3   8   6   4   5   2    4     5     23
6  130   J7   2   3   8   0   0   0   0   0   1    0     8     18
7  130   J8   0   0   0   4   8   3   0   7   5    0     1      9
8  130   J9   0   1   2   6   4   2   6   9   3    3     2     27
9  130  J10   5   7   0   0   8   6   0   0   0    0     9     26 
 Experiment130
Sum Eklendi
 Experiment130
   Job  O1  O2  O3  O4  O5  O6  O7  O8  O9  O10  PROC  SETUP  SUM
0   J4   1   8   0   0   0   0   0   0   0    0     1     16   25
1   J8   0   0   0   4   8   3   0   7   5    0     1      9   36
2   J9   0   2   4  12   8   4  12  18   6    6     2     27   99
3   J7  16  24  64   0   0   0   0   0   8    0     8     18  130
4   J3   0   0   6  12   6  60  12   0   0    0     6     37  133
5   J2   0   0   0   0  50  20  25  15  10   45     5     25  190
6   J6  50  10  15  15  40  30  20  25  10   20     5     23  258
7  J10  45  63   0   0  72  54   0   0   0    0     9     26  260
8   J5   0   0  42  56   0  63  70  21   7    0     7     12  271
9   J1  90  10   0  60  40  80  50  10   0    0    10     15  355 


df1 Eklendi
 Experiment130
Job  J4  J8  J9  J7  J3  J2  J6  J10  J5  J1
O1    1   0   0  16   0   0  50   45   0  90
O2    8   0   2  24   0   0  10   63   0  10
O3    0   0   4  64   6   0  15    0  42   0
O4    0   4  12   0  12   0  15    0  56  60
O5    0   8   8   0   6  50  40   72   0  40
O6    0   3   4   0  60  20  30   54  63  80
O7    0   0  12   0  12  25  20    0  70  50
O8    0   7  18   0   0  15  25    0  21  10
O9    0   5   6   8   0  10  10    0   7   0
O10   0   0   6   0   0  45  20    0   0   0 


df2 Eklendi
 Experiment130
Job    J4  J8  J9  J7  J3  J2  J6  J10  J5  J1
O1      1   0   0  16   0   0  50   45   0  90
O2      8   0   2  24   0   0  10   63   0  10
O3      0   0   4  64   6   0  15    0  42   0
O4      0   4  12   0  12   0  15    0  56  60
O5      0   8   8   0   6  50  40   72   0  40
O6      0   3   4   0  60  20  30   54  63  80
O7      0   0  12   0  12  25  20    0  70  50
O8      0   7  18   0   0  15  25    0  21  10
O9      0   5   6   8   0  10  10    0   7   0
O10     0   0   6   0   0  45  20    0   0   0
PROC    1   1   2   8   6   5   5    9   7  10
SETUP  16   9  27  18  37  25  23   26  12  15 


JobListe Eklendi
 Experiment130
0     J4
1     J8
2     J9
3     J7
4     J3
5     J2
6     J6
7    J10
8     J5
9     J1
Name: Job, dtype: object 


Sýralama Eklendi
 Experiment130
{'J10': ['O1', 'O6', 'O2', 'O5'], 'J8': ['O6', 'O4', 'O9', 'O8', 'O5'], 'J2': ['O9', 'O8', 'O6', 'O7', 'O10', 'O5'], 'J5': ['O9', 'O8', 'O3', 'O4', 'O6', 'O7'], 'J6': ['O2', 'O9', 'O3', 'O4', 'O7', 'O10', 'O8', 'O6', 'O5', 'O1'], 'J9': ['O2', 'O3', 'O6', 'O9', 'O10', 'O5', 'O4', 'O7', 'O8'], 'J1': ['O2', 'O8', 'O5', 'O7', 'O4', 'O6', 'O1'], 'J4': ['O1', 'O2'], 'J3': ['O3', 'O5', 'O4', 'O7', 'O6'], 'J7': ['O9', 'O1', 'O2', 'O3']} 


orderToplamListesi Eklendi
 Experiment130
{'O1': 1757, 'O6': 1667, 'O3': 1213, 'O2': 1427, 'O4': 1587, 'O5': 1477, 'O9': 1150, 'O10': 726, 'O8': 1437, 'O7': 1527} 


Toplam Eklendi
 Experiment130
Toplam 13968 Geçen Süre : 1.3516331999999807 sn 


Dosyada Geçen Süre : 1.3599459000000138 sn 


Toplamda Geçen Süre : 139.3375064 sn 


Ýlk Okuma
 Experiment131 0.06700870000000236
   Exp  Job  O1  O2  O3  O4  O5  O6  O7  O8  O9  O10  PROC  SETUP
0  131   J1   0   0   0   4   3   0   0   0   0    0     3     42
1  131   J2   0   0   2   1   4   0   0   0   3    0     3     35
2  131   J3   2   0   1   0   4   4   4   2   3    5     3     33
3  131   J4  10   2   0   1   2   2   1   8   1    9     6     14
4  131   J5   1   0   2   3   0   0   0   0   4    0     9     27
5  131   J6   0   9   0   0   0   0   0   0   0    0     4     30
6  131   J7   3   6   9   8   7   1   0   0   0    0     6      6
7  131   J8   0   0   0   0   0   0   0   0   3    7     7     46
8  131   J9   0   0   0   0   4   3   0   0   0    0     4      4
9  131  J10   7   8   8   7   3   8   5   2   1    1     1     30 
 Experiment131
Sum Eklendi
 Experiment131
   Job  O1  O2  O3  O4  O5  O6  O7  O8  O9  O10  PROC  SETUP  SUM
0   J9   0   0   0   0  16  12   0   0   0    0     4      4   32
1   J1   0   0   0  12   9   0   0   0   0    0     3     42   63
2   J2   0   0   6   3  12   0   0   0   9    0     3     35   65
3   J6   0  36   0   0   0   0   0   0   0    0     4     30   66
4  J10   7   8   8   7   3   8   5   2   1    1     1     30   80
5   J3   6   0   3   0  12  12  12   6   9   15     3     33  108
6   J8   0   0   0   0   0   0   0   0  21   49     7     46  116
7   J5   9   0  18  27   0   0   0   0  36    0     9     27  117
8   J7  18  36  54  48  42   6   0   0   0    0     6      6  210
9   J4  60  12   0   6  12  12   6  48   6   54     6     14  230 


df1 Eklendi
 Experiment131
Job  J9  J1  J2  J6  J10  J3  J8  J5  J7  J4
O1    0   0   0   0    7   6   0   9  18  60
O2    0   0   0  36    8   0   0   0  36  12
O3    0   0   6   0    8   3   0  18  54   0
O4    0  12   3   0    7   0   0  27  48   6
O5   16   9  12   0    3  12   0   0  42  12
O6   12   0   0   0    8  12   0   0   6  12
O7    0   0   0   0    5  12   0   0   0   6
O8    0   0   0   0    2   6   0   0   0  48
O9    0   0   9   0    1   9  21  36   0   6
O10   0   0   0   0    1  15  49   0   0  54 


df2 Eklendi
 Experiment131
Job    J9  J1  J2  J6  J10  J3  J8  J5  J7  J4
O1      0   0   0   0    7   6   0   9  18  60
O2      0   0   0  36    8   0   0   0  36  12
O3      0   0   6   0    8   3   0  18  54   0
O4      0  12   3   0    7   0   0  27  48   6
O5     16   9  12   0    3  12   0   0  42  12
O6     12   0   0   0    8  12   0   0   6  12
O7      0   0   0   0    5  12   0   0   0   6
O8      0   0   0   0    2   6   0   0   0  48
O9      0   0   9   0    1   9  21  36   0   6
O10     0   0   0   0    1  15  49   0   0  54
PROC    4   3   3   4    1   3   7   9   6   6
SETUP   4  42  35  30   30  33  46  27   6  14 


JobListe Eklendi
 Experiment131
0     J9
1     J1
2     J2
3     J6
4    J10
5     J3
6     J8
7     J5
8     J7
9     J4
Name: Job, dtype: object 


Sýralama Eklendi
 Experiment131
{'J10': ['O9', 'O10', 'O8', 'O5', 'O7', 'O1', 'O4', 'O2', 'O3', 'O6'], 'J3': ['O3', 'O1', 'O8', 'O9', 'O5', 'O6', 'O7', 'O10'], 'J2': ['O4', 'O3', 'O9', 'O5'], 'J5': ['O1', 'O3', 'O4', 'O9'], 'J6': ['O2'], 'J9': ['O6', 'O5'], 'J1': ['O5', 'O4'], 'J4': ['O4', 'O7', 'O9', 'O2', 'O5', 'O6', 'O8', 'O10', 'O1'], 'J8': ['O9', 'O10'], 'J7': ['O6', 'O1', 'O2', 'O5', 'O4', 'O3']} 


orderToplamListesi Eklendi
 Experiment131
{'O1': 1087, 'O6': 925, 'O3': 857, 'O2': 901, 'O4': 877, 'O5': 913, 'O9': 889, 'O10': 1027, 'O8': 973, 'O7': 883} 


Toplam Eklendi
 Experiment131
Toplam 9332 Geçen Süre : 1.612684999999999 sn 


Dosyada Geçen Süre : 1.6182535000000087 sn 


Toplamda Geçen Süre : 140.96950239999998 sn 


Ýlk Okuma
 Experiment132 0.04167419999998856
   Exp  Job  O1  O2  O3  O4  O5  O6  O7  O8  O9  O10  PROC  SETUP
0  132   J1   5   9   3   0   0   0   0   0   0    0    10     48
1  132   J2   0   0   0   0   6   2   4   0   5    0    10     20
2  132   J3   8   5   7   3   8   8  10   7   6    7     5     47
3  132   J4   0   0   4   2   5   6   6   2   9    1     2      5
4  132   J5   9  10   1   1   7   8   2   3  10    3     4      1
5  132   J6   6   3   0   0   0   0   0   0   0    0     1     48
6  132   J7   0   0   1   3   0   0   0   0   0    0    10     43
7  132   J8   0   7   5   6   4   9   0   0   0    0    10     24
8  132   J9   1   5   8   7   9  10  10   8   8    5     9     17
9  132  J10   3   5  10   5   9   7   4   9   0    0     7     28 
 Experiment132
Sum Eklendi
 Experiment132
   Job  O1  O2  O3  O4  O5  O6  O7  O8  O9  O10  PROC  SETUP  SUM
0   J6   6   3   0   0   0   0   0   0   0    0     1     48   57
1   J4   0   0   8   4  10  12  12   4  18    2     2      5   75
2   J7   0   0  10  30   0   0   0   0   0    0    10     43   83
3   J2   0   0   0   0  60  20  40   0  50    0    10     20  190
4   J5  36  40   4   4  28  32   8  12  40   12     4      1  217
5   J1  50  90  30   0   0   0   0   0   0    0    10     48  218
6   J8   0  70  50  60  40  90   0   0   0    0    10     24  334
7   J3  40  25  35  15  40  40  50  35  30   35     5     47  392
8  J10  21  35  70  35  63  49  28  63   0    0     7     28  392
9   J9   9  45  72  63  81  90  90  72  72   45     9     17  656 


df1 Eklendi
 Experiment132
Job  J6  J4  J7  J2  J5  J1  J8  J3  J10  J9
O1    6   0   0   0  36  50   0  40   21   9
O2    3   0   0   0  40  90  70  25   35  45
O3    0   8  10   0   4  30  50  35   70  72
O4    0   4  30   0   4   0  60  15   35  63
O5    0  10   0  60  28   0  40  40   63  81
O6    0  12   0  20  32   0  90  40   49  90
O7    0  12   0  40   8   0   0  50   28  90
O8    0   4   0   0  12   0   0  35   63  72
O9    0  18   0  50  40   0   0  30    0  72
O10   0   2   0   0  12   0   0  35    0  45 


df2 Eklendi
 Experiment132
Job    J6  J4  J7  J2  J5  J1  J8  J3  J10  J9
O1      6   0   0   0  36  50   0  40   21   9
O2      3   0   0   0  40  90  70  25   35  45
O3      0   8  10   0   4  30  50  35   70  72
O4      0   4  30   0   4   0  60  15   35  63
O5      0  10   0  60  28   0  40  40   63  81
O6      0  12   0  20  32   0  90  40   49  90
O7      0  12   0  40   8   0   0  50   28  90
O8      0   4   0   0  12   0   0  35   63  72
O9      0  18   0  50  40   0   0  30    0  72
O10     0   2   0   0  12   0   0  35    0  45
PROC    1   2  10  10   4  10  10   5    7   9
SETUP  48   5  43  20   1  48  24  47   28  17 


JobListe Eklendi
 Experiment132
0     J6
1     J4
2     J7
3     J2
4     J5
5     J1
6     J8
7     J3
8    J10
9     J9
Name: Job, dtype: object 


Sýralama Eklendi
 Experiment132
{'J10': ['O1', 'O7', 'O2', 'O4', 'O6', 'O5', 'O8', 'O3'], 'J8': ['O5', 'O3', 'O4', 'O2', 'O6'], 'J2': ['O6', 'O7', 'O9', 'O5'], 'J5': ['O3', 'O4', 'O7', 'O8', 'O10', 'O5', 'O6', 'O1', 'O2', 'O9'], 'J6': ['O2', 'O1'], 'J9': ['O1', 'O2', 'O10', 'O4', 'O3', 'O8', 'O9', 'O5', 'O6', 'O7'], 'J1': ['O3', 'O1', 'O2'], 'J4': ['O10', 'O4', 'O8', 'O3', 'O5', 'O6', 'O7', 'O9'], 'J3': ['O4', 'O2', 'O9', 'O3', 'O8', 'O10', 'O1', 'O5', 'O6', 'O7'], 'J7': ['O3', 'O4']} 


orderToplamListesi Eklendi
 Experiment132
{'O1': 1984, 'O6': 2524, 'O3': 2209, 'O2': 2029, 'O4': 2137, 'O5': 2434, 'O9': 2353, 'O10': 2074, 'O8': 2281, 'O7': 2614} 


Toplam Eklendi
 Experiment132
Toplam 22639 Geçen Süre : 1.7565550999999857 sn 


Dosyada Geçen Süre : 1.763256599999977 sn 


Toplamda Geçen Süre : 142.74658169999998 sn 


Ýlk Okuma
 Experiment133 0.035433299999994006
   Exp  Job  O1  O2  O3  O4  O5  O6  O7  O8  O9  O10  PROC  SETUP
0  133   J1   0   0   5   2   0   1   0   0   0    0     2      7
1  133   J2   3   9   1   2   0   0   0   0   0    0     6     44
2  133   J3   0   0   0   0   5   6   8   5   1    1     2     49
3  133   J4   2   0   0   0   0   0   0   0   0    0     8      8
4  133   J5   0   5   4   1   6   5  10   2   5    0    10     37
5  133   J6   1   6   0   0   0   0   0   0   0    0     7     38
6  133   J7   0   0   0   5   2   5   6   4   4    3     9     43
7  133   J8   0   0   5  10   8   9   3   1   5    9    10      7
8  133   J9  10   4   7   0   0   0   0   0   0    0     3     21
9  133  J10   0   0   0   0   5   2   4   0   0    0     8      5 
 Experiment133
Sum Eklendi
 Experiment133
   Job  O1  O2  O3   O4  O5  O6   O7  O8  O9  O10  PROC  SETUP  SUM
0   J1   0   0  10    4   0   2    0   0   0    0     2      7   23
1   J4  16   0   0    0   0   0    0   0   0    0     8      8   24
2   J9  30  12  21    0   0   0    0   0   0    0     3     21   84
3   J6   7  42   0    0   0   0    0   0   0    0     7     38   87
4  J10   0   0   0    0  40  16   32   0   0    0     8      5   93
5   J3   0   0   0    0  10  12   16  10   2    2     2     49  101
6   J2  18  54   6   12   0   0    0   0   0    0     6     44  134
7   J7   0   0   0   45  18  45   54  36  36   27     9     43  304
8   J5   0  50  40   10  60  50  100  20  50    0    10     37  417
9   J8   0   0  50  100  80  90   30  10  50   90    10      7  507 


df1 Eklendi
 Experiment133
Job  J1  J4  J9  J6  J10  J3  J2  J7   J5   J8
O1    0  16  30   7    0   0  18   0    0    0
O2    0   0  12  42    0   0  54   0   50    0
O3   10   0  21   0    0   0   6   0   40   50
O4    4   0   0   0    0   0  12  45   10  100
O5    0   0   0   0   40  10   0  18   60   80
O6    2   0   0   0   16  12   0  45   50   90
O7    0   0   0   0   32  16   0  54  100   30
O8    0   0   0   0    0  10   0  36   20   10
O9    0   0   0   0    0   2   0  36   50   50
O10   0   0   0   0    0   2   0  27    0   90 


df2 Eklendi
 Experiment133
Job    J1  J4  J9  J6  J10  J3  J2  J7   J5   J8
O1      0  16  30   7    0   0  18   0    0    0
O2      0   0  12  42    0   0  54   0   50    0
O3     10   0  21   0    0   0   6   0   40   50
O4      4   0   0   0    0   0  12  45   10  100
O5      0   0   0   0   40  10   0  18   60   80
O6      2   0   0   0   16  12   0  45   50   90
O7      0   0   0   0   32  16   0  54  100   30
O8      0   0   0   0    0  10   0  36   20   10
O9      0   0   0   0    0   2   0  36   50   50
O10     0   0   0   0    0   2   0  27    0   90
PROC    2   8   3   7    8   2   6   9   10   10
SETUP   7   8  21  38    5  49  44  43   37    7 


JobListe Eklendi
 Experiment133
0     J1
1     J4
2     J9
3     J6
4    J10
5     J3
6     J2
7     J7
8     J5
9     J8
Name: Job, dtype: object 


Sýralama Eklendi
 Experiment133
{'J10': ['O6', 'O7', 'O5'], 'J3': ['O9', 'O10', 'O5', 'O8', 'O6', 'O7'], 'J2': ['O3', 'O4', 'O1', 'O2'], 'J5': ['O4', 'O8', 'O3', 'O2', 'O6', 'O9', 'O5', 'O7'], 'J6': ['O1', 'O2'], 'J9': ['O2', 'O3', 'O1'], 'J1': ['O6', 'O4', 'O3'], 'J4': ['O1'], 'J8': ['O8', 'O7', 'O3', 'O9', 'O5', 'O6', 'O10', 'O4'], 'J7': ['O5', 'O10', 'O8', 'O9', 'O4', 'O6', 'O7']} 


orderToplamListesi Eklendi
 Experiment133
{'O1': 492, 'O6': 1584, 'O3': 1364, 'O2': 1007, 'O4': 1774, 'O5': 1494, 'O9': 1414, 'O10': 1674, 'O8': 1284, 'O7': 1314} 


Toplam Eklendi
 Experiment133
Toplam 13401 Geçen Süre : 2.2428041000000007 sn 


Dosyada Geçen Süre : 2.249861199999998 sn 


Toplamda Geçen Süre : 145.0170111 sn 


Ýlk Okuma
 Experiment134 0.042414600000000746
   Exp  Job  O1  O2  O3  O4  O5  O6  O7  O8  O9  O10  PROC  SETUP
0  134   J1   0   3   4   0   6   0   0   0   0    0     7      2
1  134   J2   1   3   0   0   0   0   0   0   0    0     6     69
2  134   J3   4   2   4   6   4   0   0   0   0    0    10     13
3  134   J4   0   0   0   9   7  10   5   7   5    7     9     39
4  134   J5   0   0   0   0   0   2   8   5   2    2     8     53
5  134   J6   6   6   8   0   0   6   9   2   5   10     2     86
6  134   J7   0   0   0   0   4   0   0   0   0    0     2     48
7  134   J8   1   6  10   2   1   9   0   0   0    0    10     28
8  134   J9   0   0   0   0   0   0   0   0   0    2     6      2
9  134  J10   6   5   0   1   0   0   0   0   0    0     5     80 
 Experiment134
Sum Eklendi
 Experiment134
   Job  O1  O2   O3  O4  O5  O6  O7  O8  O9  O10  PROC  SETUP  SUM
0   J9   0   0    0   0   0   0   0   0   0   12     6      2   14
1   J7   0   0    0   0   8   0   0   0   0    0     2     48   56
2   J1   0  21   28   0  42   0   0   0   0    0     7      2   93
3   J2   6  18    0   0   0   0   0   0   0    0     6     69   93
4  J10  30  25    0   5   0   0   0   0   0    0     5     80  140
5   J6  12  12   16   0   0  12  18   4  10   20     2     86  190
6   J5   0   0    0   0   0  16  64  40  16   16     8     53  205
7   J3  40  20   40  60  40   0   0   0   0    0    10     13  213
8   J8  10  60  100  20  10  90   0   0   0    0    10     28  318
9   J4   0   0    0  81  63  90  45  63  45   63     9     39  489 


df1 Eklendi
 Experiment134
Job  J9  J7  J1  J2  J10  J6  J5  J3   J8  J4
O1    0   0   0   6   30  12   0  40   10   0
O2    0   0  21  18   25  12   0  20   60   0
O3    0   0  28   0    0  16   0  40  100   0
O4    0   0   0   0    5   0   0  60   20  81
O5    0   8  42   0    0   0   0  40   10  63
O6    0   0   0   0    0  12  16   0   90  90
O7    0   0   0   0    0  18  64   0    0  45
O8    0   0   0   0    0   4  40   0    0  63
O9    0   0   0   0    0  10  16   0    0  45
O10  12   0   0   0    0  20  16   0    0  63 


df2 Eklendi
 Experiment134
Job    J9  J7  J1  J2  J10  J6  J5  J3   J8  J4
O1      0   0   0   6   30  12   0  40   10   0
O2      0   0  21  18   25  12   0  20   60   0
O3      0   0  28   0    0  16   0  40  100   0
O4      0   0   0   0    5   0   0  60   20  81
O5      0   8  42   0    0   0   0  40   10  63
O6      0   0   0   0    0  12  16   0   90  90
O7      0   0   0   0    0  18  64   0    0  45
O8      0   0   0   0    0   4  40   0    0  63
O9      0   0   0   0    0  10  16   0    0  45
O10    12   0   0   0    0  20  16   0    0  63
PROC    6   2   7   6    5   2   8  10   10   9
SETUP   2  48   2  69   80  86  53  13   28  39 


JobListe Eklendi
 Experiment134
0     J9
1     J7
2     J1
3     J2
4    J10
5     J6
6     J5
7     J3
8     J8
9     J4
Name: Job, dtype: object 


Sýralama Eklendi
 Experiment134
{'J10': ['O4', 'O2', 'O1'], 'J3': ['O2', 'O1', 'O3', 'O5', 'O4'], 'J2': ['O1', 'O2'], 'J5': ['O6', 'O9', 'O10', 'O8', 'O7'], 'J6': ['O8', 'O9', 'O1', 'O2', 'O6', 'O3', 'O7', 'O10'], 'J9': ['O10'], 'J1': ['O2', 'O3', 'O5'], 'J4': ['O7', 'O9', 'O5', 'O8', 'O10', 'O4', 'O6'], 'J8': ['O1', 'O5', 'O4', 'O2', 'O6', 'O3'], 'J7': ['O5']} 


orderToplamListesi Eklendi
 Experiment134
{'O1': 1042, 'O6': 1811, 'O3': 1322, 'O2': 1132, 'O4': 1721, 'O5': 1514, 'O9': 1451, 'O10': 1640, 'O8': 1577, 'O7': 1406} 


Toplam Eklendi
 Experiment134
Toplam 14616 Geçen Süre : 1.1929830999999922 sn 


Dosyada Geçen Süre : 1.1972379000000046 sn 


Toplamda Geçen Süre : 146.2373418 sn 


Ýlk Okuma
 Experiment135 0.044232899999997244
   Exp  Job  O1  O2  O3  O4  O5  O6  O7  O8  O9  O10  PROC  SETUP
0  135   J1   0   0   0   1   3   0   0   0   0    0     7     24
1  135   J2   0   0   0   0   0   0   2   4   9    6    10    123
2  135   J3   0   0   0   0   0   0   0   0   3    0     1    133
3  135   J4   6   8   8   9   6   0   0   0   0    0     9     60
4  135   J5   2   2   6   1   3   7   1   1   6    0     8    123
5  135   J6   0   0   1   9   4   2   5   0   6    0     7     37
6  135   J7   2   6   0   0   9  10   0   5   0    0     8     36
7  135   J8   2   9   1   6   7   0   0   0   0    2     3     38
8  135   J9   6   0   5   3   0   0   0   0   0    0    10     79
9  135  J10   0   0   0   0   2   0   5   9   1    8     4    120 
 Experiment135
Sum Eklendi
 Experiment135
   Job  O1  O2  O3  O4  O5  O6  O7  O8  O9  O10  PROC  SETUP  SUM
0   J1   0   0   0   7  21   0   0   0   0    0     7     24   52
1   J8   6  27   3  18  21   0   0   0   0    6     3     38  119
2   J3   0   0   0   0   0   0   0   0   3    0     1    133  136
3   J9  60   0  50  30   0   0   0   0   0    0    10     79  219
4  J10   0   0   0   0   8   0  20  36   4   32     4    120  220
5   J6   0   0   7  63  28  14  35   0  42    0     7     37  226
6   J7  16  48   0   0  72  80   0  40   0    0     8     36  292
7   J2   0   0   0   0   0   0  20  40  90   60    10    123  333
8   J5  16  16  48   8  24  56   8   8  48    0     8    123  355
9   J4  54  72  72  81  54   0   0   0   0    0     9     60  393 


df1 Eklendi
 Experiment135
Job  J1  J8  J3  J9  J10  J6  J7  J2  J5  J4
O1    0   6   0  60    0   0  16   0  16  54
O2    0  27   0   0    0   0  48   0  16  72
O3    0   3   0  50    0   7   0   0  48  72
O4    7  18   0  30    0  63   0   0   8  81
O5   21  21   0   0    8  28  72   0  24  54
O6    0   0   0   0    0  14  80   0  56   0
O7    0   0   0   0   20  35   0  20   8   0
O8    0   0   0   0   36   0  40  40   8   0
O9    0   0   3   0    4  42   0  90  48   0
O10   0   6   0   0   32   0   0  60   0   0 


df2 Eklendi
 Experiment135
Job    J1  J8   J3  J9  J10  J6  J7   J2   J5  J4
O1      0   6    0  60    0   0  16    0   16  54
O2      0  27    0   0    0   0  48    0   16  72
O3      0   3    0  50    0   7   0    0   48  72
O4      7  18    0  30    0  63   0    0    8  81
O5     21  21    0   0    8  28  72    0   24  54
O6      0   0    0   0    0  14  80    0   56   0
O7      0   0    0   0   20  35   0   20    8   0
O8      0   0    0   0   36   0  40   40    8   0
O9      0   0    3   0    4  42   0   90   48   0
O10     0   6    0   0   32   0   0   60    0   0
PROC    7   3    1  10    4   7   8   10    8   9
SETUP  24  38  133  79  120  37  36  123  123  60 


JobListe Eklendi
 Experiment135
0     J1
1     J8
2     J3
3     J9
4    J10
5     J6
6     J7
7     J2
8     J5
9     J4
Name: Job, dtype: object 


Sýralama Eklendi
 Experiment135
{'J10': ['O9', 'O5', 'O7', 'O10', 'O8'], 'J8': ['O3', 'O1', 'O10', 'O4', 'O5', 'O2'], 'J2': ['O7', 'O8', 'O10', 'O9'], 'J5': ['O4', 'O7', 'O8', 'O1', 'O2', 'O5', 'O3', 'O9', 'O6'], 'J6': ['O3', 'O6', 'O5', 'O7', 'O9', 'O4'], 'J9': ['O4', 'O3', 'O1'], 'J1': ['O4', 'O5'], 'J4': ['O1', 'O5', 'O2', 'O3', 'O4'], 'J3': ['O9'], 'J7': ['O1', 'O8', 'O2', 'O5', 'O6']} 


orderToplamListesi Eklendi
 Experiment135
{'O1': 2066, 'O6': 1952, 'O3': 2264, 'O2': 2192, 'O4': 2345, 'O5': 2120, 'O9': 1896, 'O10': 1507, 'O8': 1744, 'O7': 1736} 


Toplam Eklendi
 Experiment135
Toplam 19822 Geçen Süre : 1.0699285000000032 sn 


Dosyada Geçen Süre : 1.074770299999983 sn 


Toplamda Geçen Süre : 147.323803 sn 


Ýlk Okuma
 Experiment136 0.019643799999983003
   Exp  Job  O1  O2  O3  O4  O5  O6  O7  O8  O9  O10  PROC  SETUP
0  136   J1   5   2   1   4   2   0   0   0   7    0     1     20
1  136   J2   0   0   0   0   0   2   4   0   0    0     3      8
2  136   J3   0   0   0   4   5   0   0   0   0    0     1     36
3  136   J4  10   8   7   0   0   0   8   4   1    0     8      2
4  136   J5   0   0   5   6   3   1   0   0   0    0    10      6
5  136   J6   6   5  10   8   2   8   5   0   0    0     3      1
6  136   J7   6   6  10   1  10   4  10   2   4    9     2     18
7  136   J8   0   0   0   0   0   2   1   0   0    4     2     44
8  136   J9   7   5   2   4   7   6   2   0   0    0     9      5
9  136  J10   3   7   9   9   6   7   9   2   2    5     5      3 
 Experiment136
Sum Eklendi
 Experiment136
   Job  O1  O2  O3  O4  O5  O6  O7  O8  O9  O10  PROC  SETUP  SUM
0   J2   0   0   0   0   0   6  12   0   0    0     3      8   26
1   J1   5   2   1   4   2   0   0   0   7    0     1     20   41
2   J3   0   0   0   4   5   0   0   0   0    0     1     36   45
3   J8   0   0   0   0   0   4   2   0   0    8     2     44   58
4   J6  18  15  30  24   6  24  15   0   0    0     3      1  133
5   J7  12  12  20   2  20   8  20   4   8   18     2     18  142
6   J5   0   0  50  60  30  10   0   0   0    0    10      6  156
7  J10  15  35  45  45  30  35  45  10  10   25     5      3  298
8   J9  63  45  18  36  63  54  18   0   0    0     9      5  302
9   J4  80  64  56   0   0   0  64  32   8    0     8      2  306 


df1 Eklendi
 Experiment136
Job  J2  J1  J3  J8  J6  J7  J5  J10  J9  J4
O1    0   5   0   0  18  12   0   15  63  80
O2    0   2   0   0  15  12   0   35  45  64
O3    0   1   0   0  30  20  50   45  18  56
O4    0   4   4   0  24   2  60   45  36   0
O5    0   2   5   0   6  20  30   30  63   0
O6    6   0   0   4  24   8  10   35  54   0
O7   12   0   0   2  15  20   0   45  18  64
O8    0   0   0   0   0   4   0   10   0  32
O9    0   7   0   0   0   8   0   10   0   8
O10   0   0   0   8   0  18   0   25   0   0 


df2 Eklendi
 Experiment136
Job    J2  J1  J3  J8  J6  J7  J5  J10  J9  J4
O1      0   5   0   0  18  12   0   15  63  80
O2      0   2   0   0  15  12   0   35  45  64
O3      0   1   0   0  30  20  50   45  18  56
O4      0   4   4   0  24   2  60   45  36   0
O5      0   2   5   0   6  20  30   30  63   0
O6      6   0   0   4  24   8  10   35  54   0
O7     12   0   0   2  15  20   0   45  18  64
O8      0   0   0   0   0   4   0   10   0  32
O9      0   7   0   0   0   8   0   10   0   8
O10     0   0   0   8   0  18   0   25   0   0
PROC    3   1   1   2   3   2  10    5   9   8
SETUP   8  20  36  44   1  18   6    3   5   2 


JobListe Eklendi
 Experiment136
0     J2
1     J1
2     J3
3     J8
4     J6
5     J7
6     J5
7    J10
8     J9
9     J4
Name: Job, dtype: object 


Sýralama Eklendi
 Experiment136
{'J10': ['O8', 'O9', 'O1', 'O10', 'O5', 'O2', 'O6', 'O3', 'O4', 'O7'], 'J3': ['O4', 'O5'], 'J2': ['O6', 'O7'], 'J5': ['O6', 'O5', 'O3', 'O4'], 'J6': ['O5', 'O2', 'O7', 'O1', 'O4', 'O6', 'O3'], 'J9': ['O3', 'O7', 'O4', 'O2', 'O6', 'O1', 'O5'], 'J1': ['O3', 'O2', 'O5', 'O4', 'O1', 'O9'], 'J4': ['O9', 'O8', 'O3', 'O2', 'O7', 'O1'], 'J8': ['O7', 'O6', 'O10'], 'J7': ['O4', 'O8', 'O6', 'O9', 'O1', 'O2', 'O10', 'O3', 'O5', 'O7']} 


orderToplamListesi Eklendi
 Experiment136
{'O1': 1507, 'O6': 1075, 'O3': 1299, 'O2': 1363, 'O4': 976, 'O5': 1201, 'O9': 1211, 'O10': 664, 'O8': 1243, 'O7': 1427} 


Toplam Eklendi
 Experiment136
Toplam 11966 Geçen Süre : 1.1944929000000002 sn 


Dosyada Geçen Süre : 1.198573400000015 sn 


Toplamda Geçen Süre : 148.53489119999998 sn 


Ýlk Okuma
 Experiment137 0.01973490000000311
   Exp  Job  O1  O2  O3  O4  O5  O6  O7  O8  O9  O10  PROC  SETUP
0  137   J1   4   2   4   6   2   7   0   0   0    0     7     21
1  137   J2   0   0   0   0   0   3   6   0   5    2     3     45
2  137   J3   6   8   0   7   5   4   1   5   0    3    10     39
3  137   J4   7   8   3   9   5   4   6   1   3    2     9      3
4  137   J5   8   1   8   3  10   8   9   0   0    0     8     46
5  137   J6   0   5   2   5   4  10   1   2   3    4     6     12
6  137   J7   0   0   0   4   6   1   1   1   0    0     6     13
7  137   J8   0   0   2   0   0   0   0   0   0    0     9     41
8  137   J9   0   0   0   0   4   4   3   3   8    7    10      5
9  137  J10   4   3   0   0   0   0   0   0   0    0     6     32 
 Experiment137
Sum Eklendi
 Experiment137
   Job  O1  O2  O3  O4  O5  O6  O7  O8  O9  O10  PROC  SETUP  SUM
0   J8   0   0  18   0   0   0   0   0   0    0     9     41   59
1  J10  24  18   0   0   0   0   0   0   0    0     6     32   74
2   J7   0   0   0  24  36   6   6   6   0    0     6     13   91
3   J2   0   0   0   0   0   9  18   0  15    6     3     45   93
4   J1  28  14  28  42  14  49   0   0   0    0     7     21  196
5   J6   0  30  12  30  24  60   6  12  18   24     6     12  228
6   J9   0   0   0   0  40  40  30  30  80   70    10      5  295
7   J5  64   8  64  24  80  64  72   0   0    0     8     46  422
8   J3  60  80   0  70  50  40  10  50   0   30    10     39  429
9   J4  63  72  27  81  45  36  54   9  27   18     9      3  435 


df1 Eklendi
 Experiment137
Job  J8  J10  J7  J2  J1  J6  J9  J5  J3  J4
O1    0   24   0   0  28   0   0  64  60  63
O2    0   18   0   0  14  30   0   8  80  72
O3   18    0   0   0  28  12   0  64   0  27
O4    0    0  24   0  42  30   0  24  70  81
O5    0    0  36   0  14  24  40  80  50  45
O6    0    0   6   9  49  60  40  64  40  36
O7    0    0   6  18   0   6  30  72  10  54
O8    0    0   6   0   0  12  30   0  50   9
O9    0    0   0  15   0  18  80   0   0  27
O10   0    0   0   6   0  24  70   0  30  18 


df2 Eklendi
 Experiment137
Job    J8  J10  J7  J2  J1  J6  J9  J5  J3  J4
O1      0   24   0   0  28   0   0  64  60  63
O2      0   18   0   0  14  30   0   8  80  72
O3     18    0   0   0  28  12   0  64   0  27
O4      0    0  24   0  42  30   0  24  70  81
O5      0    0  36   0  14  24  40  80  50  45
O6      0    0   6   9  49  60  40  64  40  36
O7      0    0   6  18   0   6  30  72  10  54
O8      0    0   6   0   0  12  30   0  50   9
O9      0    0   0  15   0  18  80   0   0  27
O10     0    0   0   6   0  24  70   0  30  18
PROC    9    6   6   3   7   6  10   8  10   9
SETUP  41   32  13  45  21  12   5  46  39   3 


JobListe Eklendi
 Experiment137
0     J8
1    J10
2     J7
3     J2
4     J1
5     J6
6     J9
7     J5
8     J3
9     J4
Name: Job, dtype: object 


Sýralama Eklendi
 Experiment137
{'J10': ['O2', 'O1'], 'J8': ['O3'], 'J2': ['O10', 'O6', 'O9', 'O7'], 'J5': ['O2', 'O4', 'O1', 'O3', 'O6', 'O7', 'O5'], 'J6': ['O7', 'O3', 'O8', 'O9', 'O5', 'O10', 'O2', 'O4', 'O6'], 'J9': ['O7', 'O8', 'O5', 'O6', 'O10', 'O9'], 'J1': ['O2', 'O5', 'O1', 'O3', 'O4', 'O6'], 'J4': ['O8', 'O10', 'O3', 'O9', 'O6', 'O5', 'O7', 'O1', 'O2', 'O4'], 'J3': ['O7', 'O10', 'O6', 'O5', 'O8', 'O1', 'O4', 'O2'], 'J7': ['O6', 'O7', 'O8', 'O4', 'O5']} 


orderToplamListesi Eklendi
 Experiment137
{'O1': 2169, 'O6': 2007, 'O3': 1944, 'O2': 2241, 'O4': 2322, 'O5': 2052, 'O9': 1971, 'O10': 1917, 'O8': 1899, 'O7': 2106} 


Toplam Eklendi
 Experiment137
Toplam 20628 Geçen Süre : 1.086131899999998 sn 


Dosyada Geçen Süre : 1.092444999999998 sn 


Toplamda Geçen Süre : 149.6406252 sn 


Ýlk Okuma
 Experiment138 0.021517699999975548
   Exp  Job  O1  O2  O3  O4  O5  O6  O7  O8  O9  O10  PROC  SETUP
0  138   J1   4   6   0   0   8   3   7   0   0    5     9     16
1  138   J2   3   8   6   0   0   0   4   0   0    0     4     33
2  138   J3   2   1   4   6   3  10   9   6   0    4     9     32
3  138   J4   2   3   8   1   3  10   4   2   5    2     7      7
4  138   J5   2   9   9   8   5   3   0   0   6    0     5     30
5  138   J6   0   0   0   0   0   9   3   2   7    8     6     63
6  138   J7   5   3   3   9   7   4   2   2   3    5    10     38
7  138   J8   0   0   0   0   0   7   4   5   0    0     7    100
8  138   J9   0   4   0   3   5   0   0   0   0    0     7     79
9  138  J10   0   0   0   0   2   1   3   0   7    6     8      1 
 Experiment138
Sum Eklendi
 Experiment138
   Job  O1  O2  O3  O4  O5  O6  O7  O8  O9  O10  PROC  SETUP  SUM
0   J2  12  32  24   0   0   0  16   0   0    0     4     33  117
1  J10   0   0   0   0  16   8  24   0  56   48     8      1  153
2   J9   0  28   0  21  35   0   0   0   0    0     7     79  163
3   J8   0   0   0   0   0  49  28  35   0    0     7    100  212
4   J6   0   0   0   0   0  54  18  12  42   48     6     63  237
5   J5  10  45  45  40  25  15   0   0  30    0     5     30  240
6   J4  14  21  56   7  21  70  28  14  35   14     7      7  287
7   J1  36  54   0   0  72  27  63   0   0   45     9     16  313
8   J3  18   9  36  54  27  90  81  54   0   36     9     32  437
9   J7  50  30  30  90  70  40  20  20  30   50    10     38  468 


df1 Eklendi
 Experiment138
Job  J2  J10  J9  J8  J6  J5  J4  J1  J3  J7
O1   12    0   0   0   0  10  14  36  18  50
O2   32    0  28   0   0  45  21  54   9  30
O3   24    0   0   0   0  45  56   0  36  30
O4    0    0  21   0   0  40   7   0  54  90
O5    0   16  35   0   0  25  21  72  27  70
O6    0    8   0  49  54  15  70  27  90  40
O7   16   24   0  28  18   0  28  63  81  20
O8    0    0   0  35  12   0  14   0  54  20
O9    0   56   0   0  42  30  35   0   0  30
O10   0   48   0   0  48   0  14  45  36  50 


df2 Eklendi
 Experiment138
Job    J2  J10  J9   J8  J6  J5  J4  J1  J3  J7
O1     12    0   0    0   0  10  14  36  18  50
O2     32    0  28    0   0  45  21  54   9  30
O3     24    0   0    0   0  45  56   0  36  30
O4      0    0  21    0   0  40   7   0  54  90
O5      0   16  35    0   0  25  21  72  27  70
O6      0    8   0   49  54  15  70  27  90  40
O7     16   24   0   28  18   0  28  63  81  20
O8      0    0   0   35  12   0  14   0  54  20
O9      0   56   0    0  42  30  35   0   0  30
O10     0   48   0    0  48   0  14  45  36  50
PROC    4    8   7    7   6   5   7   9   9  10
SETUP  33    1  79  100  63  30   7  16  32  38 


JobListe Eklendi
 Experiment138
0     J2
1    J10
2     J9
3     J8
4     J6
5     J5
6     J4
7     J1
8     J3
9     J7
Name: Job, dtype: object 


Sýralama Eklendi
 Experiment138
{'J10': ['O6', 'O5', 'O7', 'O10', 'O9'], 'J8': ['O7', 'O8', 'O6'], 'J2': ['O1', 'O7', 'O3', 'O2'], 'J5': ['O1', 'O6', 'O5', 'O9', 'O4', 'O2', 'O3'], 'J6': ['O8', 'O7', 'O9', 'O10', 'O6'], 'J9': ['O4', 'O2', 'O5'], 'J1': ['O6', 'O1', 'O10', 'O2', 'O7', 'O5'], 'J4': ['O4', 'O1', 'O8', 'O10', 'O2', 'O5', 'O7', 'O9', 'O3', 'O6'], 'J3': ['O2', 'O1', 'O5', 'O3', 'O10', 'O4', 'O8', 'O7', 'O6'], 'J7': ['O7', 'O8', 'O2', 'O3', 'O9', 'O6', 'O1', 'O10', 'O5', 'O4']} 


orderToplamListesi Eklendi
 Experiment138
{'O1': 2417, 'O6': 2367, 'O3': 2297, 'O2': 2267, 'O4': 2627, 'O5': 2537, 'O9': 2327, 'O10': 2467, 'O8': 2237, 'O7': 2217} 


Toplam Eklendi
 Experiment138
Toplam 23760 Geçen Süre : 1.0936209999999846 sn 


Dosyada Geçen Süre : 1.1007577999999967 sn 


Toplamda Geçen Süre : 150.7525471 sn 


Ýlk Okuma
 Experiment139 0.06195679999999015
   Exp  Job  O1  O2  O3  O4  O5  O6  O7  O8  O9  O10  PROC  SETUP
0  139   J1   3   2   9   7   3  10   9   3   3    4     5     43
1  139   J2   3   9   8   9   8   3   1   6   5    0    10     55
2  139   J3   0   0   0   0   6   3   0   8   2    0     4     46
3  139   J4   1   0   0   0   0   0   0   0   0    0     1    104
4  139   J5   0   0   0   0   0   6   4   1   5    0     9    115
5  139   J6   2   2   3   4   8  10   6   2   6    6     8     41
6  139   J7   2   5   2   1   8   8   0   0   0    0     6    139
7  139   J8   2  10   9   7  10   8   5   9   1    0     7     89
8  139   J9   0   0   0   0   0   0   0   0   0    3     4     41
9  139  J10   2   8   4   6   7   0   0   0   0    1     6     31 
 Experiment139
Sum Eklendi
 Experiment139
   Job  O1  O2  O3  O4  O5  O6  O7  O8  O9  O10  PROC  SETUP  SUM
0   J9   0   0   0   0   0   0   0   0   0   12     4     41   53
1   J4   1   0   0   0   0   0   0   0   0    0     1    104  105
2   J3   0   0   0   0  24  12   0  32   8    0     4     46  122
3  J10  12  48  24  36  42   0   0   0   0    6     6     31  199
4   J5   0   0   0   0   0  54  36   9  45    0     9    115  259
5   J7  12  30  12   6  48  48   0   0   0    0     6    139  295
6   J1  15  10  45  35  15  50  45  15  15   20     5     43  308
7   J6  16  16  24  32  64  80  48  16  48   48     8     41  433
8   J8  14  70  63  49  70  56  35  63   7    0     7     89  516
9   J2  30  90  80  90  80  30  10  60  50    0    10     55  575 


df1 Eklendi
 Experiment139
Job  J9  J4  J3  J10  J5  J7  J1  J6  J8  J2
O1    0   1   0   12   0  12  15  16  14  30
O2    0   0   0   48   0  30  10  16  70  90
O3    0   0   0   24   0  12  45  24  63  80
O4    0   0   0   36   0   6  35  32  49  90
O5    0   0  24   42   0  48  15  64  70  80
O6    0   0  12    0  54  48  50  80  56  30
O7    0   0   0    0  36   0  45  48  35  10
O8    0   0  32    0   9   0  15  16  63  60
O9    0   0   8    0  45   0  15  48   7  50
O10  12   0   0    6   0   0  20  48   0   0 


df2 Eklendi
 Experiment139
Job    J9   J4  J3  J10   J5   J7  J1  J6  J8  J2
O1      0    1   0   12    0   12  15  16  14  30
O2      0    0   0   48    0   30  10  16  70  90
O3      0    0   0   24    0   12  45  24  63  80
O4      0    0   0   36    0    6  35  32  49  90
O5      0    0  24   42    0   48  15  64  70  80
O6      0    0  12    0   54   48  50  80  56  30
O7      0    0   0    0   36    0  45  48  35  10
O8      0    0  32    0    9    0  15  16  63  60
O9      0    0   8    0   45    0  15  48   7  50
O10    12    0   0    6    0    0  20  48   0   0
PROC    4    1   4    6    9    6   5   8   7  10
SETUP  41  104  46   31  115  139  43  41  89  55 


JobListe Eklendi
 Experiment139
0     J9
1     J4
2     J3
3    J10
4     J5
5     J7
6     J1
7     J6
8     J8
9     J2
Name: Job, dtype: object 


Sýralama Eklendi
 Experiment139
{'J10': ['O10', 'O1', 'O3', 'O4', 'O5', 'O2'], 'J3': ['O9', 'O6', 'O5', 'O8'], 'J2': ['O7', 'O1', 'O6', 'O9', 'O8', 'O3', 'O5', 'O2', 'O4'], 'J5': ['O8', 'O7', 'O9', 'O6'], 'J6': ['O1', 'O2', 'O8', 'O3', 'O4', 'O7', 'O9', 'O10', 'O5', 'O6'], 'J9': ['O10'], 'J1': ['O2', 'O1', 'O5', 'O8', 'O9', 'O10', 'O4', 'O3', 'O7', 'O6'], 'J4': ['O1'], 'J8': ['O9', 'O1', 'O7', 'O4', 'O6', 'O3', 'O8', 'O2', 'O5'], 'J7': ['O4', 'O1', 'O3', 'O2', 'O5', 'O6']} 


orderToplamListesi Eklendi
 Experiment139
{'O1': 2385, 'O6': 2415, 'O3': 2605, 'O2': 2775, 'O4': 2865, 'O5': 2685, 'O9': 2465, 'O10': 1630, 'O8': 2525, 'O7': 2355} 


Toplam Eklendi
 Experiment139
Toplam 24705 Geçen Süre : 1.1904637000000093 sn 


Dosyada Geçen Süre : 1.1971485000000257 sn 


Toplamda Geçen Süre : 151.961083 sn 


Ýlk Okuma
 Experiment140 0.020982500000002346
   Exp  Job  O1  O2  O3  O4  O5  O6  O7  O8  O9  O10  PROC  SETUP
0  140   J1   0   0   3   0   0   0   0   0   0    0     8    143
1  140   J2   4   3   5   4  10   8  10   0   0    0     5    105
2  140   J3   4   6   6   3   1   2  10   7  10    0     2    145
3  140   J4   0   0   0   0   0   0   0   0   0    2     8    121
4  140   J5   9   8  10   7   4   3   2   0   0    0     2     35
5  140   J6   0   0   0   0   9   5   9   6   2    2     1    181
6  140   J7   0   0   0   0   0   0   1   0   0    0     4     50
7  140   J8   0   1   0   0   0   0   0   0   0    0     6    180
8  140   J9   3   5   0   4   6   0   0   0   0    0     8     13
9  140  J10   2   3   4   0   6   0   0   0   5    7    10     41 
 Experiment140
Sum Eklendi
 Experiment140
   Job  O1  O2  O3  O4  O5  O6  O7  O8  O9  O10  PROC  SETUP  SUM
0   J7   0   0   0   0   0   0   4   0   0    0     4     50   54
1   J5  18  16  20  14   8   6   4   0   0    0     2     35  121
2   J4   0   0   0   0   0   0   0   0   0   16     8    121  137
3   J9  24  40   0  32  48   0   0   0   0    0     8     13  157
4   J1   0   0  24   0   0   0   0   0   0    0     8    143  167
5   J8   0   6   0   0   0   0   0   0   0    0     6    180  186
6   J6   0   0   0   0   9   5   9   6   2    2     1    181  214
7   J3   8  12  12   6   2   4  20  14  20    0     2    145  243
8  J10  20  30  40   0  60   0   0   0  50   70    10     41  311
9   J2  20  15  25  20  50  40  50   0   0    0     5    105  325 


df1 Eklendi
 Experiment140
Job  J7  J5  J4  J9  J1  J8  J6  J3  J10  J2
O1    0  18   0  24   0   0   0   8   20  20
O2    0  16   0  40   0   6   0  12   30  15
O3    0  20   0   0  24   0   0  12   40  25
O4    0  14   0  32   0   0   0   6    0  20
O5    0   8   0  48   0   0   9   2   60  50
O6    0   6   0   0   0   0   5   4    0  40
O7    4   4   0   0   0   0   9  20    0  50
O8    0   0   0   0   0   0   6  14    0   0
O9    0   0   0   0   0   0   2  20   50   0
O10   0   0  16   0   0   0   2   0   70   0 


df2 Eklendi
 Experiment140
Job    J7  J5   J4  J9   J1   J8   J6   J3  J10   J2
O1      0  18    0  24    0    0    0    8   20   20
O2      0  16    0  40    0    6    0   12   30   15
O3      0  20    0   0   24    0    0   12   40   25
O4      0  14    0  32    0    0    0    6    0   20
O5      0   8    0  48    0    0    9    2   60   50
O6      0   6    0   0    0    0    5    4    0   40
O7      4   4    0   0    0    0    9   20    0   50
O8      0   0    0   0    0    0    6   14    0    0
O9      0   0    0   0    0    0    2   20   50    0
O10     0   0   16   0    0    0    2    0   70    0
PROC    4   2    8   8    8    6    1    2   10    5
SETUP  50  35  121  13  143  180  181  145   41  105 


JobListe Eklendi
 Experiment140
0     J7
1     J5
2     J4
3     J9
4     J1
5     J8
6     J6
7     J3
8    J10
9     J2
Name: Job, dtype: object 


Sýralama Eklendi
 Experiment140
{'J10': ['O1', 'O2', 'O3', 'O9', 'O5', 'O10'], 'J8': ['O2'], 'J2': ['O2', 'O1', 'O4', 'O3', 'O6', 'O5', 'O7'], 'J5': ['O7', 'O6', 'O5', 'O4', 'O2', 'O1', 'O3'], 'J6': ['O9', 'O10', 'O6', 'O8', 'O5', 'O7'], 'J9': ['O1', 'O4', 'O2', 'O5'], 'J1': ['O3'], 'J4': ['O10'], 'J3': ['O5', 'O6', 'O4', 'O1', 'O2', 'O3', 'O8', 'O7', 'O9'], 'J7': ['O7']} 


orderToplamListesi Eklendi
 Experiment140
{'O1': 1730, 'O6': 1815, 'O3': 1775, 'O2': 1710, 'O4': 1750, 'O5': 1865, 'O9': 1460, 'O10': 1590, 'O8': 1239, 'O7': 1915} 


Toplam Eklendi
 Experiment140
Toplam 16849 Geçen Süre : 1.0780177000000037 sn 


Dosyada Geçen Süre : 1.0830213000000128 sn 


Toplamda Geçen Süre : 153.05720549999998 sn 


Ýlk Okuma
 Experiment141 0.019473299999987148
   Exp  Job  O1  O2  O3  O4  O5  O6  O7  O8  O9  O10  PROC  SETUP
0  141   J1   5   0   0   0   6   1   2   0   0    0     2     42
1  141   J2   0   0   0   0   0   0   0   0   0    3    10     42
2  141   J3   1   4   5   6   8   0   0   0   0    0     2     46
3  141   J4   6   7   4   6   1   3   0   0   0    0     8     45
4  141   J5   4   5   6   5   8   2   1   8   7    8     4     45
5  141   J6   4   8   1   1   9   4   8   2   2    6     9     44
6  141   J7   0   0   0   0   0   0   8   1   5    0     6     24
7  141   J8   4   5   7   0   0   0   0   0   0    0    10     13
8  141   J9  10   3   9   6   8   4   4   6  10    2     5     11
9  141  J10   0   0   0   1   2   0   0   0   0    0     2     18 
 Experiment141
Sum Eklendi
 Experiment141
   Job  O1  O2  O3  O4  O5  O6  O7  O8  O9  O10  PROC  SETUP  SUM
0  J10   0   0   0   2   4   0   0   0   0    0     2     18   24
1   J1  10   0   0   0  12   2   4   0   0    0     2     42   70
2   J2   0   0   0   0   0   0   0   0   0   30    10     42   72
3   J3   2   8  10  12  16   0   0   0   0    0     2     46   94
4   J7   0   0   0   0   0   0  48   6  30    0     6     24  108
5   J8  40  50  70   0   0   0   0   0   0    0    10     13  173
6   J4  48  56  32  48   8  24   0   0   0    0     8     45  261
7   J5  16  20  24  20  32   8   4  32  28   32     4     45  261
8   J9  50  15  45  30  40  20  20  30  50   10     5     11  321
9   J6  36  72   9   9  81  36  72  18  18   54     9     44  449 


df1 Eklendi
 Experiment141
Job  J10  J1  J2  J3  J7  J8  J4  J5  J9  J6
O1     0  10   0   2   0  40  48  16  50  36
O2     0   0   0   8   0  50  56  20  15  72
O3     0   0   0  10   0  70  32  24  45   9
O4     2   0   0  12   0   0  48  20  30   9
O5     4  12   0  16   0   0   8  32  40  81
O6     0   2   0   0   0   0  24   8  20  36
O7     0   4   0   0  48   0   0   4  20  72
O8     0   0   0   0   6   0   0  32  30  18
O9     0   0   0   0  30   0   0  28  50  18
O10    0   0  30   0   0   0   0  32  10  54 


df2 Eklendi
 Experiment141
Job    J10  J1  J2  J3  J7  J8  J4  J5  J9  J6
O1       0  10   0   2   0  40  48  16  50  36
O2       0   0   0   8   0  50  56  20  15  72
O3       0   0   0  10   0  70  32  24  45   9
O4       2   0   0  12   0   0  48  20  30   9
O5       4  12   0  16   0   0   8  32  40  81
O6       0   2   0   0   0   0  24   8  20  36
O7       0   4   0   0  48   0   0   4  20  72
O8       0   0   0   0   6   0   0  32  30  18
O9       0   0   0   0  30   0   0  28  50  18
O10      0   0  30   0   0   0   0  32  10  54
PROC     2   2  10   2   6  10   8   4   5   9
SETUP   18  42  42  46  24  13  45  45  11  44 


JobListe Eklendi
 Experiment141
0    J10
1     J1
2     J2
3     J3
4     J7
5     J8
6     J4
7     J5
8     J9
9     J6
Name: Job, dtype: object 


Sýralama Eklendi
 Experiment141
{'J10': ['O4', 'O5'], 'J3': ['O1', 'O2', 'O3', 'O4', 'O5'], 'J2': ['O10'], 'J5': ['O7', 'O6', 'O1', 'O2', 'O4', 'O3', 'O9', 'O5', 'O8', 'O10'], 'J6': ['O3', 'O4', 'O8', 'O9', 'O1', 'O6', 'O10', 'O2', 'O7', 'O5'], 'J9': ['O10', 'O2', 'O6', 'O7', 'O4', 'O8', 'O5', 'O3', 'O1', 'O9'], 'J1': ['O6', 'O7', 'O1', 'O5'], 'J4': ['O5', 'O6', 'O3', 'O1', 'O4', 'O2'], 'J8': ['O1', 'O2', 'O3'], 'J7': ['O8', 'O9', 'O7']} 


orderToplamListesi Eklendi
 Experiment141
{'O1': 1518, 'O6': 1554, 'O3': 1437, 'O2': 1680, 'O4': 1446, 'O5': 1833, 'O9': 1482, 'O10': 1608, 'O8': 1464, 'O7': 1752} 


Toplam Eklendi
 Experiment141
Toplam 15774 Geçen Süre : 1.0985464999999976 sn 


Dosyada Geçen Süre : 1.1029981000000078 sn 


Toplamda Geçen Süre : 154.1723865 sn 


Ýlk Okuma
 Experiment142 0.019383400000009487
   Exp  Job  O1  O2  O3  O4  O5  O6  O7  O8  O9  O10  PROC  SETUP
0  142   J1   2   4   6   3   0   7   1   5   0    0     9     40
1  142   J2   0   0   0   1   0   0   3   0   4    2     7      6
2  142   J3   2   0   0   0   3   0   0   0   0    0     1     17
3  142   J4   7   9   7   5   0   0   0   1   0    7     2     47
4  142   J5   0   0   0   0   0   8   2   0   0    0     5     28
5  142   J6   2   6  10   1   4   0   0   0   0    0    10     46
6  142   J7   0   0   0   0   0   0   4   3   0    0     3      4
7  142   J8   0   0   0   5   4   0   0   0   0    0     4     45
8  142   J9   2   0   0   1   8  10   8  10   8    9     4     49
9  142  J10   0   0   0   0   0   0   0   5   4    3     6      1 
 Experiment142
Sum Eklendi
 Experiment142
   Job  O1  O2   O3  O4  O5  O6  O7  O8  O9  O10  PROC  SETUP  SUM
0   J3   2   0    0   0   3   0   0   0   0    0     1     17   22
1   J7   0   0    0   0   0   0  12   9   0    0     3      4   25
2  J10   0   0    0   0   0   0   0  30  24   18     6      1   73
3   J2   0   0    0   7   0   0  21   0  28   14     7      6   76
4   J5   0   0    0   0   0  40  10   0   0    0     5     28   78
5   J8   0   0    0  20  16   0   0   0   0    0     4     45   81
6   J4  14  18   14  10   0   0   0   2   0   14     2     47  119
7   J9   8   0    0   4  32  40  32  40  32   36     4     49  273
8   J6  20  60  100  10  40   0   0   0   0    0    10     46  276
9   J1  18  36   54  27   0  63   9  45   0    0     9     40  292 


df1 Eklendi
 Experiment142
Job  J3  J7  J10  J2  J5  J8  J4  J9   J6  J1
O1    2   0    0   0   0   0  14   8   20  18
O2    0   0    0   0   0   0  18   0   60  36
O3    0   0    0   0   0   0  14   0  100  54
O4    0   0    0   7   0  20  10   4   10  27
O5    3   0    0   0   0  16   0  32   40   0
O6    0   0    0   0  40   0   0  40    0  63
O7    0  12    0  21  10   0   0  32    0   9
O8    0   9   30   0   0   0   2  40    0  45
O9    0   0   24  28   0   0   0  32    0   0
O10   0   0   18  14   0   0  14  36    0   0 


df2 Eklendi
 Experiment142
Job    J3  J7  J10  J2  J5  J8  J4  J9   J6  J1
O1      2   0    0   0   0   0  14   8   20  18
O2      0   0    0   0   0   0  18   0   60  36
O3      0   0    0   0   0   0  14   0  100  54
O4      0   0    0   7   0  20  10   4   10  27
O5      3   0    0   0   0  16   0  32   40   0
O6      0   0    0   0  40   0   0  40    0  63
O7      0  12    0  21  10   0   0  32    0   9
O8      0   9   30   0   0   0   2  40    0  45
O9      0   0   24  28   0   0   0  32    0   0
O10     0   0   18  14   0   0  14  36    0   0
PROC    1   3    6   7   5   4   2   4   10   9
SETUP  17   4    1   6  28  45  47  49   46  40 


JobListe Eklendi
 Experiment142
0     J3
1     J7
2    J10
3     J2
4     J5
5     J8
6     J4
7     J9
8     J6
9     J1
Name: Job, dtype: object 


Sýralama Eklendi
 Experiment142
{'J10': ['O10', 'O9', 'O8'], 'J3': ['O1', 'O5'], 'J2': ['O4', 'O10', 'O7', 'O9'], 'J5': ['O7', 'O6'], 'J6': ['O4', 'O1', 'O5', 'O2', 'O3'], 'J9': ['O4', 'O1', 'O5', 'O7', 'O9', 'O10', 'O6', 'O8'], 'J1': ['O7', 'O1', 'O4', 'O2', 'O8', 'O3', 'O6'], 'J4': ['O8', 'O4', 'O1', 'O3', 'O10', 'O2'], 'J8': ['O5', 'O4'], 'J7': ['O8', 'O7']} 


orderToplamListesi Eklendi
 Experiment142
{'O1': 1090, 'O6': 1315, 'O3': 1252, 'O2': 1153, 'O4': 1117, 'O5': 863, 'O9': 631, 'O10': 667, 'O8': 1198, 'O7': 1072} 


Toplam Eklendi
 Experiment142
Toplam 10358 Geçen Süre : 1.0812189000000103 sn 


Dosyada Geçen Süre : 1.0864121999999838 sn 


Toplamda Geçen Süre : 155.2726252 sn 


Ýlk Okuma
 Experiment143 0.040456599999998843
   Exp  Job  O1  O2  O3  O4  O5  O6  O7  O8  O9  O10  PROC  SETUP
0  143   J1   0   0   0   0   0   0   4   2   0    0     1      1
1  143   J2   0   0   2   1   1   4   6   5   0    0     7     28
2  143   J3   7   2   6   8   5   0   0   0   0    0     4     93
3  143   J4   9   2   5   5   9   1   2  10   5    2     8    167
4  143   J5   0   0   0   0   1   9   9   4   2    4     7    106
5  143   J6  10   9   9   3   9   9   0   0   0    0     4     44
6  143   J7   0   0   9   5   6   3   6   0   0    0    10     26
7  143   J8   3   5   4   3   2   4   8   6   2    0     7    186
8  143   J9   5   1   4   7   1   0   0   6   0    2     5    155
9  143  J10   0   3   4   2   2   9   4   1   5    1     7    154 
 Experiment143
Sum Eklendi
 Experiment143
   Job  O1  O2  O3  O4  O5  O6  O7  O8  O9  O10  PROC  SETUP  SUM
0   J1   0   0   0   0   0   0   4   2   0    0     1      1    7
1   J2   0   0  14   7   7  28  42  35   0    0     7     28  161
2   J3  28   8  24  32  20   0   0   0   0    0     4     93  205
3   J6  40  36  36  12  36  36   0   0   0    0     4     44  240
4   J9  25   5  20  35   5   0   0  30   0   10     5    155  285
5   J5   0   0   0   0   7  63  63  28  14   28     7    106  309
6   J7   0   0  90  50  60  30  60   0   0    0    10     26  316
7  J10   0  21  28  14  14  63  28   7  35    7     7    154  371
8   J8  21  35  28  21  14  28  56  42  14    0     7    186  445
9   J4  72  16  40  40  72   8  16  80  40   16     8    167  567 


df1 Eklendi
 Experiment143
Job  J1  J2  J3  J6  J9  J5  J7  J10  J8  J4
O1    0   0  28  40  25   0   0    0  21  72
O2    0   0   8  36   5   0   0   21  35  16
O3    0  14  24  36  20   0  90   28  28  40
O4    0   7  32  12  35   0  50   14  21  40
O5    0   7  20  36   5   7  60   14  14  72
O6    0  28   0  36   0  63  30   63  28   8
O7    4  42   0   0   0  63  60   28  56  16
O8    2  35   0   0  30  28   0    7  42  80
O9    0   0   0   0   0  14   0   35  14  40
O10   0   0   0   0  10  28   0    7   0  16 


df2 Eklendi
 Experiment143
Job    J1  J2  J3  J6   J9   J5  J7  J10   J8   J4
O1      0   0  28  40   25    0   0    0   21   72
O2      0   0   8  36    5    0   0   21   35   16
O3      0  14  24  36   20    0  90   28   28   40
O4      0   7  32  12   35    0  50   14   21   40
O5      0   7  20  36    5    7  60   14   14   72
O6      0  28   0  36    0   63  30   63   28    8
O7      4  42   0   0    0   63  60   28   56   16
O8      2  35   0   0   30   28   0    7   42   80
O9      0   0   0   0    0   14   0   35   14   40
O10     0   0   0   0   10   28   0    7    0   16
PROC    1   7   4   4    5    7  10    7    7    8
SETUP   1  28  93  44  155  106  26  154  186  167 


JobListe Eklendi
 Experiment143
0     J1
1     J2
2     J3
3     J6
4     J9
5     J5
6     J7
7    J10
8     J8
9     J4
Name: Job, dtype: object 


Sýralama Eklendi
 Experiment143
{'J10': ['O8', 'O10', 'O4', 'O5', 'O2', 'O3', 'O7', 'O9', 'O6'], 'J3': ['O2', 'O5', 'O3', 'O1', 'O4'], 'J2': ['O4', 'O5', 'O3', 'O6', 'O8', 'O7'], 'J5': ['O5', 'O9', 'O8', 'O10', 'O6', 'O7'], 'J6': ['O4', 'O2', 'O3', 'O5', 'O6', 'O1'], 'J9': ['O2', 'O5', 'O10', 'O3', 'O1', 'O8', 'O4'], 'J1': ['O8', 'O7'], 'J4': ['O6', 'O2', 'O7', 'O10', 'O3', 'O4', 'O9', 'O1', 'O5', 'O8'], 'J8': ['O5', 'O9', 'O1', 'O4', 'O3', 'O6', 'O2', 'O8', 'O7'], 'J7': ['O6', 'O4', 'O5', 'O7', 'O3']} 


orderToplamListesi Eklendi
 Experiment143
{'O1': 2754, 'O6': 2514, 'O3': 2602, 'O2': 2530, 'O4': 2642, 'O5': 2826, 'O9': 2682, 'O10': 2562, 'O8': 2906, 'O7': 2546} 


Toplam Eklendi
 Experiment143
Toplam 26564 Geçen Süre : 1.612704100000002 sn 


Dosyada Geçen Süre : 1.616844599999979 sn 


Toplamda Geçen Süre : 156.8997091 sn 


Ýlk Okuma
 Experiment144 0.019119799999998577
   Exp  Job  O1  O2  O3  O4  O5  O6  O7  O8  O9  O10  PROC  SETUP
0  144   J1   0   0   0   0   0   8   9   4   3    6     6     35
1  144   J2   5   7   7   9   7   0   0   0   0    0     1     26
2  144   J3   0   0   0   1   0   0   0   0   0    0     9     25
3  144   J4   6   3   5   6   5   3   3   9   9    2     2     24
4  144   J5   0   0   0   7   5   5   4   8   7    2    10     36
5  144   J6   6   4   6   9   5   5   0   0   0    0     4     48
6  144   J7   0   8   2   7   8   7   8   2   1    5     8     84
7  144   J8   7   9  10   4   4   5   4   3   8    0     5     27
8  144   J9   0   0   0   0   0   0   0   0   0    5     9     68
9  144  J10   2   3   4   5  10   7   7   0   0    0     7     49 
 Experiment144
Sum Eklendi
 Experiment144
   Job  O1  O2  O3  O4  O5  O6  O7  O8  O9  O10  PROC  SETUP  SUM
0   J3   0   0   0   9   0   0   0   0   0    0     9     25   34
1   J2   5   7   7   9   7   0   0   0   0    0     1     26   61
2   J9   0   0   0   0   0   0   0   0   0   45     9     68  113
3   J4  12   6  10  12  10   6   6  18  18    4     2     24  126
4   J6  24  16  24  36  20  20   0   0   0    0     4     48  188
5   J1   0   0   0   0   0  48  54  24  18   36     6     35  215
6   J8  35  45  50  20  20  25  20  15  40    0     5     27  297
7  J10  14  21  28  35  70  49  49   0   0    0     7     49  315
8   J5   0   0   0  70  50  50  40  80  70   20    10     36  416
9   J7   0  64  16  56  64  56  64  16   8   40     8     84  468 


df1 Eklendi
 Experiment144
Job  J3  J2  J9  J4  J6  J1  J8  J10  J5  J7
O1    0   5   0  12  24   0  35   14   0   0
O2    0   7   0   6  16   0  45   21   0  64
O3    0   7   0  10  24   0  50   28   0  16
O4    9   9   0  12  36   0  20   35  70  56
O5    0   7   0  10  20   0  20   70  50  64
O6    0   0   0   6  20  48  25   49  50  56
O7    0   0   0   6   0  54  20   49  40  64
O8    0   0   0  18   0  24  15    0  80  16
O9    0   0   0  18   0  18  40    0  70   8
O10   0   0  45   4   0  36   0    0  20  40 


df2 Eklendi
 Experiment144
Job    J3  J2  J9  J4  J6  J1  J8  J10  J5  J7
O1      0   5   0  12  24   0  35   14   0   0
O2      0   7   0   6  16   0  45   21   0  64
O3      0   7   0  10  24   0  50   28   0  16
O4      9   9   0  12  36   0  20   35  70  56
O5      0   7   0  10  20   0  20   70  50  64
O6      0   0   0   6  20  48  25   49  50  56
O7      0   0   0   6   0  54  20   49  40  64
O8      0   0   0  18   0  24  15    0  80  16
O9      0   0   0  18   0  18  40    0  70   8
O10     0   0  45   4   0  36   0    0  20  40
PROC    9   1   9   2   4   6   5    7  10   8
SETUP  25  26  68  24  48  35  27   49  36  84 


JobListe Eklendi
 Experiment144
0     J3
1     J2
2     J9
3     J4
4     J6
5     J1
6     J8
7    J10
8     J5
9     J7
Name: Job, dtype: object 


Sýralama Eklendi
 Experiment144
{'J10': ['O1', 'O2', 'O3', 'O4', 'O6', 'O7', 'O5'], 'J3': ['O4'], 'J2': ['O1', 'O2', 'O3', 'O5', 'O4'], 'J5': ['O10', 'O7', 'O5', 'O6', 'O4', 'O9', 'O8'], 'J6': ['O2', 'O5', 'O6', 'O1', 'O3', 'O4'], 'J9': ['O10'], 'J1': ['O9', 'O8', 'O10', 'O6', 'O7'], 'J4': ['O10', 'O2', 'O6', 'O7', 'O3', 'O5', 'O1', 'O4', 'O8', 'O9'], 'J8': ['O8', 'O4', 'O5', 'O7', 'O6', 'O1', 'O9', 'O2', 'O3'], 'J7': ['O9', 'O3', 'O8', 'O10', 'O4', 'O6', 'O2', 'O5', 'O7']} 


orderToplamListesi Eklendi
 Experiment144
{'O1': 1097, 'O6': 2041, 'O3': 1873, 'O2': 2105, 'O4': 1985, 'O5': 2169, 'O9': 1857, 'O10': 1929, 'O8': 1889, 'O7': 2233} 


Toplam Eklendi
 Experiment144
Toplam 19178 Geçen Süre : 1.8320336000000168 sn 


Dosyada Geçen Süre : 1.8370820000000094 sn 


Toplamda Geçen Süre : 158.7477035 sn 


Ýlk Okuma
 Experiment145 0.02716889999999239
   Exp  Job  O1  O2  O3  O4  O5  O6  O7  O8  O9  O10  PROC  SETUP
0  145   J1   3   2   0   0   0   0   0   0   0    0     6    125
1  145   J2   3   4   7   8   1   6   0   0   0    0     9    131
2  145   J3   0   0   0   0   0   0   0   0   0    3     7    142
3  145   J4   7   3  10   6   5   2   7   0   0    0     5     90
4  145   J5   0   0   0   0   0   0   0   5   3    0     7     26
5  145   J6   8   4   2   8  10   6   5   3  10    6     8     76
6  145   J7   0   0   0   0   0   0   1   8  10    6     3     80
7  145   J8   0   0   0   2   1   0   0   0   0    0    10     37
8  145   J9   0   0   0   0   0   0   0   0   0    6     5     88
9  145  J10   2   3   6   5   4   7   3   6   5    0     8     35 
 Experiment145
Sum Eklendi
 Experiment145
   Job  O1  O2  O3  O4  O5  O6  O7  O8  O9  O10  PROC  SETUP  SUM
0   J8   0   0   0  20  10   0   0   0   0    0    10     37   67
1   J5   0   0   0   0   0   0   0  35  21    0     7     26   82
2   J9   0   0   0   0   0   0   0   0   0   30     5     88  118
3   J1  18  12   0   0   0   0   0   0   0    0     6    125  155
4   J7   0   0   0   0   0   0   3  24  30   18     3     80  155
5   J3   0   0   0   0   0   0   0   0   0   21     7    142  163
6   J4  35  15  50  30  25  10  35   0   0    0     5     90  290
7  J10  16  24  48  40  32  56  24  48  40    0     8     35  363
8   J2  27  36  63  72   9  54   0   0   0    0     9    131  392
9   J6  64  32  16  64  80  48  40  24  80   48     8     76  572 


df1 Eklendi
 Experiment145
Job  J8  J5  J9  J1  J7  J3  J4  J10  J2  J6
O1    0   0   0  18   0   0  35   16  27  64
O2    0   0   0  12   0   0  15   24  36  32
O3    0   0   0   0   0   0  50   48  63  16
O4   20   0   0   0   0   0  30   40  72  64
O5   10   0   0   0   0   0  25   32   9  80
O6    0   0   0   0   0   0  10   56  54  48
O7    0   0   0   0   3   0  35   24   0  40
O8    0  35   0   0  24   0   0   48   0  24
O9    0  21   0   0  30   0   0   40   0  80
O10   0   0  30   0  18  21   0    0   0  48 


df2 Eklendi
 Experiment145
Job    J8  J5  J9   J1  J7   J3  J4  J10   J2  J6
O1      0   0   0   18   0    0  35   16   27  64
O2      0   0   0   12   0    0  15   24   36  32
O3      0   0   0    0   0    0  50   48   63  16
O4     20   0   0    0   0    0  30   40   72  64
O5     10   0   0    0   0    0  25   32    9  80
O6      0   0   0    0   0    0  10   56   54  48
O7      0   0   0    0   3    0  35   24    0  40
O8      0  35   0    0  24    0   0   48    0  24
O9      0  21   0    0  30    0   0   40    0  80
O10     0   0  30    0  18   21   0    0    0  48
PROC   10   7   5    6   3    7   5    8    9   8
SETUP  37  26  88  125  80  142  90   35  131  76 


JobListe Eklendi
 Experiment145
0     J8
1     J5
2     J9
3     J1
4     J7
5     J3
6     J4
7    J10
8     J2
9     J6
Name: Job, dtype: object 


Sýralama Eklendi
 Experiment145
{'J10': ['O1', 'O2', 'O7', 'O5', 'O4', 'O9', 'O3', 'O8', 'O6'], 'J8': ['O5', 'O4'], 'J2': ['O5', 'O1', 'O2', 'O6', 'O3', 'O4'], 'J5': ['O9', 'O8'], 'J6': ['O3', 'O8', 'O2', 'O7', 'O6', 'O10', 'O1', 'O4', 'O5', 'O9'], 'J9': ['O10'], 'J1': ['O2', 'O1'], 'J4': ['O6', 'O2', 'O5', 'O4', 'O1', 'O7', 'O3'], 'J3': ['O10'], 'J7': ['O7', 'O10', 'O8', 'O9']} 


orderToplamListesi Eklendi
 Experiment145
{'O1': 2133, 'O6': 2021, 'O3': 1877, 'O2': 1933, 'O4': 2197, 'O5': 2277, 'O9': 2357, 'O10': 2069, 'O8': 1901, 'O7': 1973} 


Toplam Eklendi
 Experiment145
Toplam 20738 Geçen Süre : 1.1067157999999893 sn 


Dosyada Geçen Süre : 1.1107820999999944 sn 


Toplamda Geçen Süre : 159.871175 sn 


Ýlk Okuma
 Experiment146 0.02054300000000353
   Exp  Job  O1  O2  O3  O4  O5  O6  O7  O8  O9  O10  PROC  SETUP
0  146   J1   0   0   0   0   0   0   0   3   0    0     9     97
1  146   J2   8   3   6   4   2   9  10   0   0    0     1     21
2  146   J3   0   0   0   7   9   5   9   5   4    9     7     58
3  146   J4   7   6   4   7   9   8   3   7  10    3     5     63
4  146   J5   0   0   0   0   0   0   0   3   0    1     5     13
5  146   J6   6   1   3   0   0   0   0   0   0    0     8     36
6  146   J7   8   1   6   5   8   1   6   7   0    0     1     84
7  146   J8   0   0   0   0   6   7   5   8   6   10     6     84
8  146   J9   5   5   5   5   1   8   7  10   0    0     2      0
9  146  J10   3   6   5   9   4   0   0   0   0    0     1     74 
 Experiment146
Sum Eklendi
 Experiment146
   Job  O1  O2  O3  O4  O5  O6  O7  O8  O9  O10  PROC  SETUP  SUM
0   J5   0   0   0   0   0   0   0  15   0    5     5     13   33
1   J2   8   3   6   4   2   9  10   0   0    0     1     21   63
2   J9  10  10  10  10   2  16  14  20   0    0     2      0   92
3  J10   3   6   5   9   4   0   0   0   0    0     1     74  101
4   J6  48   8  24   0   0   0   0   0   0    0     8     36  116
5   J1   0   0   0   0   0   0   0  27   0    0     9     97  124
6   J7   8   1   6   5   8   1   6   7   0    0     1     84  126
7   J8   0   0   0   0  36  42  30  48  36   60     6     84  336
8   J4  35  30  20  35  45  40  15  35  50   15     5     63  383
9   J3   0   0   0  49  63  35  63  35  28   63     7     58  394 


df1 Eklendi
 Experiment146
Job  J5  J2  J9  J10  J6  J1  J7  J8  J4  J3
O1    0   8  10    3  48   0   8   0  35   0
O2    0   3  10    6   8   0   1   0  30   0
O3    0   6  10    5  24   0   6   0  20   0
O4    0   4  10    9   0   0   5   0  35  49
O5    0   2   2    4   0   0   8  36  45  63
O6    0   9  16    0   0   0   1  42  40  35
O7    0  10  14    0   0   0   6  30  15  63
O8   15   0  20    0   0  27   7  48  35  35
O9    0   0   0    0   0   0   0  36  50  28
O10   5   0   0    0   0   0   0  60  15  63 


df2 Eklendi
 Experiment146
Job    J5  J2  J9  J10  J6  J1  J7  J8  J4  J3
O1      0   8  10    3  48   0   8   0  35   0
O2      0   3  10    6   8   0   1   0  30   0
O3      0   6  10    5  24   0   6   0  20   0
O4      0   4  10    9   0   0   5   0  35  49
O5      0   2   2    4   0   0   8  36  45  63
O6      0   9  16    0   0   0   1  42  40  35
O7      0  10  14    0   0   0   6  30  15  63
O8     15   0  20    0   0  27   7  48  35  35
O9      0   0   0    0   0   0   0  36  50  28
O10     5   0   0    0   0   0   0  60  15  63
PROC    5   1   2    1   8   9   1   6   5   7
SETUP  13  21   0   74  36  97  84  84  63  58 


JobListe Eklendi
 Experiment146
0     J5
1     J2
2     J9
3    J10
4     J6
5     J1
6     J7
7     J8
8     J4
9     J3
Name: Job, dtype: object 


Sýralama Eklendi
 Experiment146
{'J10': ['O1', 'O5', 'O3', 'O2', 'O4'], 'J8': ['O7', 'O5', 'O9', 'O6', 'O8', 'O10'], 'J2': ['O5', 'O2', 'O4', 'O3', 'O1', 'O6', 'O7'], 'J5': ['O10', 'O8'], 'J6': ['O2', 'O3', 'O1'], 'J9': ['O5', 'O1', 'O2', 'O3', 'O4', 'O7', 'O6', 'O8'], 'J1': ['O8'], 'J4': ['O7', 'O10', 'O3', 'O2', 'O1', 'O4', 'O8', 'O6', 'O5', 'O9'], 'J3': ['O9', 'O6', 'O8', 'O4', 'O5', 'O7', 'O10'], 'J7': ['O2', 'O6', 'O4', 'O3', 'O7', 'O8', 'O1', 'O5']} 


orderToplamListesi Eklendi
 Experiment146
{'O1': 1169, 'O6': 1495, 'O3': 1104, 'O2': 1134, 'O4': 1579, 'O5': 1642, 'O9': 1460, 'O10': 1768, 'O8': 1530, 'O7': 1705} 


Toplam Eklendi
 Experiment146
Toplam 14586 Geçen Süre : 1.1815765999999996 sn 


Dosyada Geçen Süre : 1.1868163999999979 sn 


Toplamda Geçen Süre : 161.0755099 sn 


Ýlk Okuma
 Experiment147 0.09449940000001789
   Exp  Job  O1  O2  O3  O4  O5  O6  O7  O8  O9  O10  PROC  SETUP
0  147   J1   0   1   0   0   0   0   0   0   0    0    10     10
1  147   J2   4   8   2   1   6   5   0   0   0    0     2    119
2  147   J3   8   1   7   3   1  10   3  10   9    2     7    151
3  147   J4   3   7   6   7   1   7   4   8   9    1     3     42
4  147   J5   0   0   0   0   0   0   0   4   6    5     8    129
5  147   J6   2   4   1   5   8   7   0   0   0    0     9     93
6  147   J7   0   0   0   0   0   6   7   7   8    1     4    170
7  147   J8   0   6   2   0   0   0   0   0   0    0     7    163
8  147   J9   0   0   0   0   0   0   4   8   3    9     1    165
9  147  J10   2   7   7   6   2   9   7   0   0    0     6     52 
 Experiment147
Sum Eklendi
 Experiment147
   Job  O1  O2  O3  O4  O5  O6  O7  O8  O9  O10  PROC  SETUP  SUM
0   J1   0  10   0   0   0   0   0   0   0    0    10     10   20
1   J2   8  16   4   2  12  10   0   0   0    0     2    119  171
2   J9   0   0   0   0   0   0   4   8   3    9     1    165  189
3   J4   9  21  18  21   3  21  12  24  27    3     3     42  201
4   J8   0  42  14   0   0   0   0   0   0    0     7    163  219
5   J5   0   0   0   0   0   0   0  32  48   40     8    129  249
6   J7   0   0   0   0   0  24  28  28  32    4     4    170  286
7  J10  12  42  42  36  12  54  42   0   0    0     6     52  292
8   J6  18  36   9  45  72  63   0   0   0    0     9     93  336
9   J3  56   7  49  21   7  70  21  70  63   14     7    151  529 


df1 Eklendi
 Experiment147
Job  J1  J2  J9  J4  J8  J5  J7  J10  J6  J3
O1    0   8   0   9   0   0   0   12  18  56
O2   10  16   0  21  42   0   0   42  36   7
O3    0   4   0  18  14   0   0   42   9  49
O4    0   2   0  21   0   0   0   36  45  21
O5    0  12   0   3   0   0   0   12  72   7
O6    0  10   0  21   0   0  24   54  63  70
O7    0   0   4  12   0   0  28   42   0  21
O8    0   0   8  24   0  32  28    0   0  70
O9    0   0   3  27   0  48  32    0   0  63
O10   0   0   9   3   0  40   4    0   0  14 


df2 Eklendi
 Experiment147
Job    J1   J2   J9  J4   J8   J5   J7  J10  J6   J3
O1      0    8    0   9    0    0    0   12  18   56
O2     10   16    0  21   42    0    0   42  36    7
O3      0    4    0  18   14    0    0   42   9   49
O4      0    2    0  21    0    0    0   36  45   21
O5      0   12    0   3    0    0    0   12  72    7
O6      0   10    0  21    0    0   24   54  63   70
O7      0    0    4  12    0    0   28   42   0   21
O8      0    0    8  24    0   32   28    0   0   70
O9      0    0    3  27    0   48   32    0   0   63
O10     0    0    9   3    0   40    4    0   0   14
PROC   10    2    1   3    7    8    4    6   9    7
SETUP  10  119  165  42  163  129  170   52  93  151 


JobListe Eklendi
 Experiment147
0     J1
1     J2
2     J9
3     J4
4     J8
5     J5
6     J7
7    J10
8     J6
9     J3
Name: Job, dtype: object 


Sýralama Eklendi
 Experiment147
{'J10': ['O1', 'O5', 'O4', 'O2', 'O3', 'O7', 'O6'], 'J8': ['O3', 'O2'], 'J2': ['O4', 'O3', 'O1', 'O6', 'O5', 'O2'], 'J5': ['O8', 'O10', 'O9'], 'J6': ['O3', 'O1', 'O2', 'O4', 'O6', 'O5'], 'J9': ['O9', 'O7', 'O8', 'O10'], 'J1': ['O2'], 'J4': ['O5', 'O10', 'O1', 'O7', 'O3', 'O2', 'O4', 'O6', 'O8', 'O9'], 'J3': ['O2', 'O5', 'O10', 'O4', 'O7', 'O3', 'O1', 'O9', 'O6', 'O8'], 'J7': ['O10', 'O6', 'O7', 'O8', 'O9']} 


orderToplamListesi Eklendi
 Experiment147
{'O1': 2289, 'O6': 2422, 'O3': 2233, 'O2': 2121, 'O4': 2163, 'O5': 2128, 'O9': 2352, 'O10': 2142, 'O8': 2492, 'O7': 2184} 


Toplam Eklendi
 Experiment147
Toplam 22526 Geçen Süre : 1.487729999999999 sn 


Dosyada Geçen Süre : 1.4936432000000082 sn 


Toplamda Geçen Süre : 162.58210079999998 sn 


Ýlk Okuma
 Experiment148 0.04101200000002336
   Exp  Job  O1  O2  O3  O4  O5  O6  O7  O8  O9  O10  PROC  SETUP
0  148   J1   3   3   9   7   6   8  10   9   8   10     1      7
1  148   J2   1   1  10   6   5   4  10   0   0    0     7    101
2  148   J3   0   0   0   0   0   0   0   5   3    0     2    140
3  148   J4   4   1  10   5   7   9  10   1   6    2     8    127
4  148   J5   4   9   9   7   5   6  10   0   0    0     5     96
5  148   J6   0   0   0   9  10   1   2   5   8    7     4     90
6  148   J7   5   1   3   1  10   6   1   4   8    0     8    106
7  148   J8   0   0   0   0   0   0   0   0   1    0     3    138
8  148   J9   3   0   0   0   0   4   0   0   0    0     7     97
9  148  J10   1   6   4   1   9   4   0   0   0    0     7     21 
 Experiment148
Sum Eklendi
 Experiment148
   Job  O1  O2  O3  O4  O5  O6  O7  O8  O9  O10  PROC  SETUP  SUM
0   J1   3   3   9   7   6   8  10   9   8   10     1      7   80
1   J8   0   0   0   0   0   0   0   0   3    0     3    138  141
2   J9  21   0   0   0   0  28   0   0   0    0     7     97  146
3   J3   0   0   0   0   0   0   0  10   6    0     2    140  156
4  J10   7  42  28   7  63  28   0   0   0    0     7     21  196
5   J6   0   0   0  36  40   4   8  20  32   28     4     90  258
6   J5  20  45  45  35  25  30  50   0   0    0     5     96  346
7   J2   7   7  70  42  35  28  70   0   0    0     7    101  360
8   J7  40   8  24   8  80  48   8  32  64    0     8    106  418
9   J4  32   8  80  40  56  72  80   8  48   16     8    127  567 


df1 Eklendi
 Experiment148
Job  J1  J8  J9  J3  J10  J6  J5  J2  J7  J4
O1    3   0  21   0    7   0  20   7  40  32
O2    3   0   0   0   42   0  45   7   8   8
O3    9   0   0   0   28   0  45  70  24  80
O4    7   0   0   0    7  36  35  42   8  40
O5    6   0   0   0   63  40  25  35  80  56
O6    8   0  28   0   28   4  30  28  48  72
O7   10   0   0   0    0   8  50  70   8  80
O8    9   0   0  10    0  20   0   0  32   8
O9    8   3   0   6    0  32   0   0  64  48
O10  10   0   0   0    0  28   0   0   0  16 


df2 Eklendi
 Experiment148
Job    J1   J8  J9   J3  J10  J6  J5   J2   J7   J4
O1      3    0  21    0    7   0  20    7   40   32
O2      3    0   0    0   42   0  45    7    8    8
O3      9    0   0    0   28   0  45   70   24   80
O4      7    0   0    0    7  36  35   42    8   40
O5      6    0   0    0   63  40  25   35   80   56
O6      8    0  28    0   28   4  30   28   48   72
O7     10    0   0    0    0   8  50   70    8   80
O8      9    0   0   10    0  20   0    0   32    8
O9      8    3   0    6    0  32   0    0   64   48
O10    10    0   0    0    0  28   0    0    0   16
PROC    1    3   7    2    7   4   5    7    8    8
SETUP   7  138  97  140   21  90  96  101  106  127 


JobListe Eklendi
 Experiment148
0     J1
1     J8
2     J9
3     J3
4    J10
5     J6
6     J5
7     J2
8     J7
9     J4
Name: Job, dtype: object 


Sýralama Eklendi
 Experiment148
{'J10': ['O1', 'O4', 'O3', 'O6', 'O2', 'O5'], 'J8': ['O9'], 'J2': ['O1', 'O2', 'O6', 'O5', 'O4', 'O3', 'O7'], 'J5': ['O1', 'O5', 'O6', 'O4', 'O2', 'O3', 'O7'], 'J6': ['O6', 'O7', 'O8', 'O10', 'O9', 'O4', 'O5'], 'J9': ['O1', 'O6'], 'J1': ['O1', 'O2', 'O5', 'O4', 'O6', 'O9', 'O3', 'O8', 'O7', 'O10'], 'J4': ['O2', 'O8', 'O10', 'O1', 'O4', 'O9', 'O5', 'O6', 'O3', 'O7'], 'J3': ['O9', 'O8'], 'J7': ['O2', 'O4', 'O7', 'O3', 'O8', 'O1', 'O6', 'O9', 'O5']} 


orderToplamListesi Eklendi
 Experiment148
{'O1': 2292, 'O6': 2508, 'O3': 2588, 'O2': 2236, 'O4': 2332, 'O5': 2436, 'O9': 2380, 'O10': 2260, 'O8': 2244, 'O7': 2668} 


Toplam Eklendi
 Experiment148
Toplam 23944 Geçen Süre : 1.455924600000003 sn 


Dosyada Geçen Süre : 1.461466999999999 sn 


Toplamda Geçen Süre : 164.06155249999998 sn 


Ýlk Okuma
 Experiment149 0.031904200000013816
   Exp  Job  O1  O2  O3  O4  O5  O6  O7  O8  O9  O10  PROC  SETUP
0  149   J1   0   0   0   0   0   4   5   0   0    0     3     21
1  149   J2   6   0   8   0   0   0   5   0   4    0     8     79
2  149   J3   7   3   8   8   7   0   0   0   0    0     7     86
3  149   J4   0   0   0   0   0   2   0   0   0    0    10      8
4  149   J5   0   0   0   0   0   2   4   5  10    6     6     35
5  149   J6   2   2   3   7   9   0   0   0   0    0     6     61
6  149   J7   4   3   8   6   9   4   0   0   0    0     8     59
7  149   J8   0   0   0   0   0   0   4   1   2    0     8     72
8  149   J9   3   2   0   0   0   0   0   0   0    0     7      3
9  149  J10   0   0   0   0   0   4   1   2   3    0     8     72 
 Experiment149
Sum Eklendi
 Experiment149
   Job  O1  O2  O3  O4  O5  O6  O7  O8  O9  O10  PROC  SETUP  SUM
0   J4   0   0   0   0   0  20   0   0   0    0    10      8   28
1   J9  21  14   0   0   0   0   0   0   0    0     7      3   38
2   J1   0   0   0   0   0  12  15   0   0    0     3     21   48
3   J8   0   0   0   0   0   0  32   8  16    0     8     72  128
4  J10   0   0   0   0   0  32   8  16  24    0     8     72  152
5   J5   0   0   0   0   0  12  24  30  60   36     6     35  197
6   J6  12  12  18  42  54   0   0   0   0    0     6     61  199
7   J2  48   0  64   0   0   0  40   0  32    0     8     79  263
8   J3  49  21  56  56  49   0   0   0   0    0     7     86  317
9   J7  32  24  64  48  72  32   0   0   0    0     8     59  331 


df1 Eklendi
 Experiment149
Job  J4  J9  J1  J8  J10  J5  J6  J2  J3  J7
O1    0  21   0   0    0   0  12  48  49  32
O2    0  14   0   0    0   0  12   0  21  24
O3    0   0   0   0    0   0  18  64  56  64
O4    0   0   0   0    0   0  42   0  56  48
O5    0   0   0   0    0   0  54   0  49  72
O6   20   0  12   0   32  12   0   0   0  32
O7    0   0  15  32    8  24   0  40   0   0
O8    0   0   0   8   16  30   0   0   0   0
O9    0   0   0  16   24  60   0  32   0   0
O10   0   0   0   0    0  36   0   0   0   0 


df2 Eklendi
 Experiment149
Job    J4  J9  J1  J8  J10  J5  J6  J2  J3  J7
O1      0  21   0   0    0   0  12  48  49  32
O2      0  14   0   0    0   0  12   0  21  24
O3      0   0   0   0    0   0  18  64  56  64
O4      0   0   0   0    0   0  42   0  56  48
O5      0   0   0   0    0   0  54   0  49  72
O6     20   0  12   0   32  12   0   0   0  32
O7      0   0  15  32    8  24   0  40   0   0
O8      0   0   0   8   16  30   0   0   0   0
O9      0   0   0  16   24  60   0  32   0   0
O10     0   0   0   0    0  36   0   0   0   0
PROC   10   7   3   8    8   6   6   8   7   8
SETUP   8   3  21  72   72  35  61  79  86  59 


JobListe Eklendi
 Experiment149
0     J4
1     J9
2     J1
3     J8
4    J10
5     J5
6     J6
7     J2
8     J3
9     J7
Name: Job, dtype: object 


Sýralama Eklendi
 Experiment149
{'J10': ['O7', 'O8', 'O9', 'O6'], 'J8': ['O8', 'O9', 'O7'], 'J2': ['O9', 'O7', 'O1', 'O3'], 'J5': ['O6', 'O7', 'O8', 'O10', 'O9'], 'J6': ['O1', 'O2', 'O3', 'O4', 'O5'], 'J9': ['O2', 'O1'], 'J1': ['O6', 'O7'], 'J4': ['O6'], 'J3': ['O2', 'O1', 'O5', 'O3', 'O4'], 'J7': ['O2', 'O1', 'O6', 'O4', 'O3', 'O5']} 


orderToplamListesi Eklendi
 Experiment149
{'O1': 1485, 'O6': 1517, 'O3': 1629, 'O2': 1453, 'O4': 1565, 'O5': 1701, 'O9': 901, 'O10': 465, 'O8': 531, 'O7': 941} 


Toplam Eklendi
 Experiment149
Toplam 12188 Geçen Süre : 1.1219575000000077 sn 


Dosyada Geçen Süre : 1.1327661999999918 sn 


Toplamda Geçen Süre : 165.2085694 sn 


