Ýlk Okuma
 Experiment276
    Exp  Job  O1  O2  O3  O4  O5  ...    O11  O12  O13  O14  O15  PROC  SETUP
0   276   J1   4   3   0   5   0  ...      2    0    0    0    0     9     16
1   276   J2   0   0   4   0   0  ...      0    1    0    0    0     4     24
2   276   J3   0   0   0   0   0  ...      4    0    0    5    0    10      4
3   276   J4   0   8   1   0   7  ...      0    4    7    0    0     7     18
4   276   J5   2   3   6   5   8  ...      0    0    8    0    4     4      6
5   276   J6   9   2   8   1   0  ...      4    0    0    0    0     6     46
6   276   J7   0   0   0   3   0  ...      7    2    3    2    0     5     17
7   276   J8   0   0  10   7   0  ...      1    6    0    0    7     6     38
8   276   J9   0   6   0   0   0  ...      0    0    0    0    0     6      6
9   276  J10   7   0   8   7   2  ...      1    0    0    0    0     8      0
10  276  J11   0   0   0   0   0  ...      0    0    9    6    0     6     60
11  276  J12   6   5   7   9   2  ...      0    0    0    8    0     6     26
12  276  J13   0   6   2   0   1  ...      7    6    1    5   10     7     37
13  276  J14   0   0   0   0   0  ...      0    0    1    0    0     6     35
14  276  J15   0   0   0   0   0  ...      0    6    1    0    0     7     79
15  276  J16   4   3   0   5   0  ...      2    0    0    0    0     9     16
16  276  J17   0   0   4   0   0  ...      0    1    0    0    0     4     24
17  276  J18   0   0   0   0   0  ...      4    0    0    5    0    10      4
18  276  J19   0   8   1   0   7  ...      0    4    7    0    0     7     18
19  276  J20   2   3   6   5   8  ...      0    0    8    0    4     4      6

[20 rows x 19 columns] 


Sum Eklendi
 Experiment276
    Job  O1  O2  O3  O4  O5  O6 ...   O12  O13  O14  O15  PROC  SETUP  SUM
0    J2   0   0  16   0   0   0 ...     4    0    0    0     4     24   68
1   J17   0   0  16   0   0   0 ...     4    0    0    0     4     24   68
2   J14   0   0   0   0   0   0 ...     0    6    0    0     6     35   77
3    J9   0  36   0   0   0   0 ...     0    0    0    0     6      6   84
4    J3   0   0   0   0   0   0 ...     0    0   50    0    10      4  114
5   J18   0   0   0   0   0   0 ...     0    0   50    0    10      4  114
6   J15   0   0   0   0   0   0 ...    42    7    0    0     7     79  149
7   J11   0   0   0   0   0   0 ...     0   54   36    0     6     60  180
8    J6  54  12  48   6   0   0 ...     0    0    0    0     6     46  190
9   J10  56   0  64  56  16   0 ...     0    0    0    0     8      0  216
10   J8   0   0  60  42   0   0 ...    36    0    0   42     6     38  224
11   J7   0   0   0  15   0  15 ...    10   15   10    0     5     17  242
12  J20   8  12  24  20  32   4 ...     0   32    0   16     4      6  254
13   J5   8  12  24  20  32   4 ...     0   32    0   16     4      6  254
14  J19   0  56   7   0  49  21 ...    28   49    0    0     7     18  256
15   J4   0  56   7   0  49  21 ...    28   49    0    0     7     18  256
16  J13   0  42  14   0   7  28 ...    42    7   35   70     7     37  331
17  J16  36  27   0  45   0  63 ...     0    0    0    0     9     16  358
18   J1  36  27   0  45   0  63 ...     0    0    0    0     9     16  358
19  J12  36  30  42  54  12  54 ...     0    0   48    0     6     26  416

[20 rows x 19 columns] 


df1 Eklendi
 Experiment276
Job  J2  J17  J14  J9  J3  J18  J15 ...   J5  J19  J4  J13  J16  J1  J12
O1    0    0    0   0   0    0    0 ...    8    0   0    0   36  36   36
O2    0    0    0  36   0    0    0 ...   12   56  56   42   27  27   30
O3   16   16    0   0   0    0    0 ...   24    7   7   14    0   0   42
O4    0    0    0   0   0    0    0 ...   20    0   0    0   45  45   54
O5    0    0    0   0   0    0    0 ...   32   49  49    7    0   0   12
O6    0    0    0   0   0    0    0 ...    4   21  21   28   63  63   54
O7   24   24   36  18   0    0    0 ...    4   28  28    0    0   0    6
O8    0    0    0  24   0    0   21 ...   20    0   0    0   72  72   60
O9    0    0    0   0  20   20    0 ...   40    0   0    0    0   0   30
O10   0    0    0   0   0    0    0 ...   36    0   0    0   81  81   18
O11   0    0    0   0  40   40    0 ...    0    0   0   49   18  18    0
O12   4    4    0   0   0    0   42 ...    0   28  28   42    0   0    0
O13   0    0    6   0   0    0    7 ...   32   49  49    7    0   0    0
O14   0    0    0   0  50   50    0 ...    0    0   0   35    0   0   48
O15   0    0    0   0   0    0    0 ...   16    0   0   70    0   0    0

[15 rows x 20 columns] 


df2 Eklendi
 Experiment276
Job    J2  J17  J14  J9  J3  J18  J15 ...   J5  J19  J4  J13  J16  J1  J12
O1      0    0    0   0   0    0    0 ...    8    0   0    0   36  36   36
O2      0    0    0  36   0    0    0 ...   12   56  56   42   27  27   30
O3     16   16    0   0   0    0    0 ...   24    7   7   14    0   0   42
O4      0    0    0   0   0    0    0 ...   20    0   0    0   45  45   54
O5      0    0    0   0   0    0    0 ...   32   49  49    7    0   0   12
O6      0    0    0   0   0    0    0 ...    4   21  21   28   63  63   54
O7     24   24   36  18   0    0    0 ...    4   28  28    0    0   0    6
O8      0    0    0  24   0    0   21 ...   20    0   0    0   72  72   60
O9      0    0    0   0  20   20    0 ...   40    0   0    0    0   0   30
O10     0    0    0   0   0    0    0 ...   36    0   0    0   81  81   18
O11     0    0    0   0  40   40    0 ...    0    0   0   49   18  18    0
O12     4    4    0   0   0    0   42 ...    0   28  28   42    0   0    0
O13     0    0    6   0   0    0    7 ...   32   49  49    7    0   0    0
O14     0    0    0   0  50   50    0 ...    0    0   0   35    0   0   48
O15     0    0    0   0   0    0    0 ...   16    0   0   70    0   0    0
PROC    4    4    6   6  10   10    7 ...    4    7   7    7    9   9    6
SETUP  24   24   35   6   4    4   79 ...    6   18  18   37   16  16   26

[17 rows x 20 columns] 


JobListe Eklendi
 Experiment276
0      J2
1     J17
2     J14
3      J9
4      J3
5     J18
6     J15
7     J11
8      J6
9     J10
10     J8
11     J7
12    J20
13     J5
14    J19
15     J4
16    J13
17    J16
18     J1
19    J12
Name: Job, dtype: object 


Sýralama Eklendi
 Experiment276
{'J18': ['O9', 'O11', 'O14'], 'J8': ['O11', 'O12', 'O4', 'O15', 'O3'], 'J7': ['O12', 'O14', 'O4', 'O6', 'O9', 'O13', 'O8', 'O11', 'O7', 'O10'], 'J16': ['O11', 'O2', 'O1', 'O4', 'O6', 'O8', 'O10'], 'J12': ['O7', 'O5', 'O10', 'O2', 'O9', 'O1', 'O3', 'O14', 'O4', 'O6', 'O8'], 'J9': ['O7', 'O8', 'O2'], 'J14': ['O13', 'O7'], 'J19': ['O3', 'O6', 'O7', 'O12', 'O5', 'O13', 'O2'], 'J15': ['O13', 'O8', 'O12'], 'J5': ['O6', 'O7', 'O1', 'O2', 'O15', 'O4', 'O8', 'O3', 'O5', 'O13', 'O10', 'O9'], 'J1': ['O11', 'O2', 'O1', 'O4', 'O6', 'O8', 'O10'], 'J13': ['O5', 'O13', 'O3', 'O6', 'O14', 'O2', 'O12', 'O11', 'O15'], 'J4': ['O3', 'O6', 'O7', 'O12', 'O5', 'O13', 'O2'], 'J17': ['O12', 'O3', 'O7'], 'J11': ['O9', 'O10', 'O14', 'O13'], 'J10': ['O11', 'O5', 'O10', 'O1', 'O4', 'O3'], 'J20': ['O6', 'O7', 'O1', 'O2', 'O15', 'O4', 'O8', 'O3', 'O5', 'O13', 'O10', 'O9'], 'J6': ['O4', 'O2', 'O11', 'O3', 'O1'], 'J2': ['O12', 'O3', 'O7'], 'J3': ['O9', 'O11', 'O14']} 


orderToplamListesi Eklendi
 Experiment276
{'O7': 3825, 'O4': 4095, 'O14': 4041, 'O5': 3837, 'O11': 3469, 'O9': 3915, 'O8': 4209, 'O10': 3855, 'O2': 3885, 'O1': 3951, 'O15': 2902, 'O12': 2832, 'O3': 3993, 'O6': 4149, 'O13': 2790} 


Toplam Eklendi
 Experiment276
Toplam 55748 Geçen Süre : 3.3058182999999417 sn 


Dosyada Geçen Süre : 3.3105831999999964 sn 


Toplamda Geçen Süre : 529.4465241 sn 


Ýlk Okuma
 Experiment277
    Exp  Job  O1  O2  O3  O4  O5  ...    O11  O12  O13  O14  O15  PROC  SETUP
0   277   J1   0   0   0   0   0  ...      0    0    9    6    0     6     60
1   277   J2   6   5   7   9   2  ...      0    0    0    8    0     6     26
2   277   J3   0   6   2   0   1  ...      7    6    1    5   10     7     37
3   277   J4   0   0   0   0   0  ...      0    0    1    0    0     6     35
4   277   J5   0   0   0   0   0  ...      0    6    1    0    0     7     79
5   277   J6   0   0   9   3   0  ...      7    0    0    0    8    10     89
6   277   J7   3   0   3   8   0  ...      0    7    5    0    0     2     75
7   277   J8  10   8   4   5   0  ...      5    0    0    3    2    10     93
8   277   J9   0   0   0   0   9  ...      1   10    4    5    0     6     50
9   277  J10   0   0   7   4   8  ...      0    1    4    3    6     2    143
10  277  J11   2   0   5   1   0  ...      0    0    4    5    0     1     18
11  277  J12   0   0   0   0   2  ...      0    4    7    0    0     8      8
12  277  J13   0   0   0   0   0  ...      7    5    6    5    1    10     44
13  277  J14   0   0   0   0   0  ...     10    0    0    0    0     2     44
14  277  J15   6   7   6   3   8  ...      0    6    4    5    0     5      6
15  277  J16   0   0   0   0   0  ...      0    0    9    6    0     6     60
16  277  J17   6   5   7   9   2  ...      0    0    0    8    0     6     26
17  277  J18   0   6   2   0   1  ...      7    6    1    5   10     7     37
18  277  J19   0   0   0   0   0  ...      0    0    1    0    0     6     35
19  277  J20   0   0   0   0   0  ...      0    6    1    0    0     7     79

[20 rows x 19 columns] 


Sum Eklendi
 Experiment277
    Job   O1  O2  O3  O4  O5  O6 ...   O12  O13  O14  O15  PROC  SETUP  SUM
0   J11    2   0   5   1   0   0 ...     0    4    5    0     1     18   35
1    J4    0   0   0   0   0   0 ...     0    6    0    0     6     35   77
2   J19    0   0   0   0   0   0 ...     0    6    0    0     6     35   77
3   J14    0   0   0   0   0   0 ...     0    0    0    0     2     44   84
4   J12    0   0   0   0  16   0 ...    32   56    0    0     8      8  112
5   J20    0   0   0   0   0   0 ...    42    7    0    0     7     79  149
6    J5    0   0   0   0   0   0 ...    42    7    0    0     7     79  149
7    J7    6   0   6  16   0   4 ...    14   10    0    0     2     75  161
8   J16    0   0   0   0   0   0 ...     0   54   36    0     6     60  180
9    J1    0   0   0   0   0   0 ...     0   54   36    0     6     60  180
10  J10    0   0  14   8  16   0 ...     2    8    6   12     2    143  209
11   J9    0   0   0   0  54   0 ...    60   24   30    0     6     50  236
12  J15   30  35  30  15  40  35 ...    30   20   25    0     5      6  321
13   J3    0  42  14   0   7  28 ...    42    7   35   70     7     37  331
14  J18    0  42  14   0   7  28 ...    42    7   35   70     7     37  331
15   J2   36  30  42  54  12  54 ...     0    0   48    0     6     26  416
16  J17   36  30  42  54  12  54 ...     0    0   48    0     6     26  416
17  J13    0   0   0   0   0  50 ...    50   60   50   10    10     44  444
18   J6    0   0  90  30   0   0 ...     0    0    0   80    10     89  529
19   J8  100  80  40  50   0  50 ...     0    0   30   20    10     93  663

[20 rows x 19 columns] 


df1 Eklendi
 Experiment277
Job  J11  J4  J19  J14  J12  J20  J5 ...   J3  J18  J2  J17  J13  J6   J8
O1     2   0    0    0    0    0   0 ...    0    0  36   36    0   0  100
O2     0   0    0    0    0    0   0 ...   42   42  30   30    0   0   80
O3     5   0    0    0    0    0   0 ...   14   14  42   42    0  90   40
O4     1   0    0    0    0    0   0 ...    0    0  54   54    0  30   50
O5     0   0    0    0   16    0   0 ...    7    7  12   12    0   0    0
O6     0   0    0    0    0    0   0 ...   28   28  54   54   50   0   50
O7     0  36   36    0    0    0   0 ...    0    0   6    6   30   0    0
O8     0   0    0    0    0   21  21 ...    0    0  60   60   70  50   40
O9     0   0    0   14    0    0   0 ...    0    0  30   30   10  30   70
O10    0   0    0    6    0    0   0 ...    0    0  18   18    0  90   40
O11    0   0    0   20    0    0   0 ...   49   49   0    0   70  70   50
O12    0   0    0    0   32   42  42 ...   42   42   0    0   50   0    0
O13    4   6    6    0   56    7   7 ...    7    7   0    0   60   0    0
O14    5   0    0    0    0    0   0 ...   35   35  48   48   50   0   30
O15    0   0    0    0    0    0   0 ...   70   70   0    0   10  80   20

[15 rows x 20 columns] 


df2 Eklendi
 Experiment277
Job    J11  J4  J19  J14  J12  J20  J5 ...   J3  J18  J2  J17  J13  J6   J8
O1       2   0    0    0    0    0   0 ...    0    0  36   36    0   0  100
O2       0   0    0    0    0    0   0 ...   42   42  30   30    0   0   80
O3       5   0    0    0    0    0   0 ...   14   14  42   42    0  90   40
O4       1   0    0    0    0    0   0 ...    0    0  54   54    0  30   50
O5       0   0    0    0   16    0   0 ...    7    7  12   12    0   0    0
O6       0   0    0    0    0    0   0 ...   28   28  54   54   50   0   50
O7       0  36   36    0    0    0   0 ...    0    0   6    6   30   0    0
O8       0   0    0    0    0   21  21 ...    0    0  60   60   70  50   40
O9       0   0    0   14    0    0   0 ...    0    0  30   30   10  30   70
O10      0   0    0    6    0    0   0 ...    0    0  18   18    0  90   40
O11      0   0    0   20    0    0   0 ...   49   49   0    0   70  70   50
O12      0   0    0    0   32   42  42 ...   42   42   0    0   50   0    0
O13      4   6    6    0   56    7   7 ...    7    7   0    0   60   0    0
O14      5   0    0    0    0    0   0 ...   35   35  48   48   50   0   30
O15      0   0    0    0    0    0   0 ...   70   70   0    0   10  80   20
PROC     1   6    6    2    8    7   7 ...    7    7   6    6   10  10   10
SETUP   18  35   35   44    8   79  79 ...   37   37  26   26   44  89   93

[17 rows x 20 columns] 


JobListe Eklendi
 Experiment277
0     J11
1      J4
2     J19
3     J14
4     J12
5     J20
6      J5
7      J7
8     J16
9      J1
10    J10
11     J9
12    J15
13     J3
14    J18
15     J2
16    J17
17    J13
18     J6
19     J8
Name: Job, dtype: object 


Sýralama Eklendi
 Experiment277
{'J18': ['O5', 'O13', 'O3', 'O6', 'O14', 'O2', 'O12', 'O11', 'O15'], 'J8': ['O15', 'O14', 'O3', 'O8', 'O10', 'O4', 'O6', 'O11', 'O9', 'O2', 'O1'], 'J12': ['O5', 'O12', 'O13'], 'J16': ['O9', 'O10', 'O14', 'O13'], 'J9': ['O11', 'O10', 'O13', 'O14', 'O5', 'O12'], 'J14': ['O10', 'O9', 'O11'], 'J19': ['O13', 'O7'], 'J15': ['O4', 'O8', 'O13', 'O14', 'O1', 'O3', 'O12', 'O2', 'O6', 'O7', 'O5'], 'J5': ['O13', 'O8', 'O12'], 'J13': ['O9', 'O15', 'O7', 'O6', 'O12', 'O14', 'O13', 'O8', 'O11'], 'J3': ['O5', 'O13', 'O3', 'O6', 'O14', 'O2', 'O12', 'O11', 'O15'], 'J4': ['O13', 'O7'], 'J2': ['O7', 'O5', 'O10', 'O2', 'O9', 'O1', 'O3', 'O14', 'O4', 'O6', 'O8'], 'J17': ['O7', 'O5', 'O10', 'O2', 'O9', 'O1', 'O3', 'O14', 'O4', 'O6', 'O8'], 'J11': ['O4', 'O1', 'O13', 'O3', 'O14'], 'J10': ['O12', 'O14', 'O4', 'O13', 'O15', 'O3', 'O5'], 'J20': ['O13', 'O8', 'O12'], 'J6': ['O4', 'O9', 'O8', 'O11', 'O15', 'O3', 'O10'], 'J1': ['O9', 'O10', 'O14', 'O13'], 'J7': ['O6', 'O1', 'O3', 'O9', 'O8', 'O13', 'O12', 'O4', 'O7']} 


orderToplamListesi Eklendi
 Experiment277
{'O7': 3538, 'O4': 4750, 'O14': 4580, 'O5': 3086, 'O11': 4850, 'O9': 4920, 'O8': 4660, 'O10': 4700, 'O2': 5000, 'O1': 5100, 'O15': 4550, 'O12': 3588, 'O3': 4620, 'O6': 4800, 'O13': 3648} 


Toplam Eklendi
 Experiment277
Toplam 66390 Geçen Süre : 3.760106300000075 sn 


Dosyada Geçen Süre : 3.7692042999999558 sn 


Toplamda Geçen Süre : 533.226635 sn 


Ýlk Okuma
 Experiment278
    Exp  Job  O1  O2  O3  O4  O5  ...    O11  O12  O13  O14  O15  PROC  SETUP
0   278   J1   2   0   5   1   0  ...      0    0    4    5    0     1     18
1   278   J2   0   0   0   0   2  ...      0    4    7    0    0     8      8
2   278   J3   0   0   0   0   0  ...      7    5    6    5    1    10     44
3   278   J4   0   0   0   0   0  ...     10    0    0    0    0     2     44
4   278   J5   6   7   6   3   8  ...      0    6    4    5    0     5      6
5   278   J6  10   1   8   5   0  ...      4    5    2    1    6     4     16
6   278   J7   0   0   0   2   6  ...      6    0    0    0    0     1     55
7   278   J8   7   0   0   5   0  ...      9    8    3    0    0     9     41
8   278   J9   0   1   0   0   0  ...      0    7    4    0    0     8     73
9   278  J10   7   3   0   0   5  ...      0    5    8    7    1     7     98
10  278  J11   0   0   0   3   0  ...      0    0    9   10    0     2     94
11  278  J12   0   0   0   0   5  ...     10    0    0    0    0     8     65
12  278  J13   1   1   7   2   4  ...      0    0    0    0    8     3     60
13  278  J14   2   8   3   1   0  ...      0    3    6    0    0     9     97
14  278  J15   0   0   0   0   0  ...      2    8    4    9    0     1     65
15  278  J16   2   0   5   1   0  ...      0    0    4    5    0     1     18
16  278  J17   0   0   0   0   2  ...      0    4    7    0    0     8      8
17  278  J18   0   0   0   0   0  ...      7    5    6    5    1    10     44
18  278  J19   0   0   0   0   0  ...     10    0    0    0    0     2     44
19  278  J20   6   7   6   3   8  ...      0    6    4    5    0     5      6

[20 rows x 19 columns] 


Sum Eklendi
 Experiment278
    Job  O1  O2  O3  O4  O5  O6 ...   O12  O13  O14  O15  PROC  SETUP  SUM
0    J1   2   0   5   1   0   0 ...     0    4    5    0     1     18   35
1   J16   2   0   5   1   0   0 ...     0    4    5    0     1     18   35
2    J4   0   0   0   0   0   0 ...     0    0    0    0     2     44   84
3   J19   0   0   0   0   0   0 ...     0    0    0    0     2     44   84
4    J7   0   0   0   2   6   7 ...     0    0    0    0     1     55   94
5   J15   0   0   0   0   0   0 ...     8    4    9    0     1     65   97
6    J2   0   0   0   0  16   0 ...    32   56    0    0     8      8  112
7   J17   0   0   0   0  16   0 ...    32   56    0    0     8      8  112
8   J13   3   3  21   6  12   0 ...     0    0    0   24     3     60  153
9   J11   0   0   0   6   0  10 ...     0   18   20    0     2     94  156
10  J12   0   0   0   0  40   0 ...     0    0    0    0     8     65  209
11   J6  40   4  32  20   0   0 ...    20    8    4   24     4     16  220
12   J9   0   8   0   0   0   0 ...    56   32    0    0     8     73  233
13  J20  30  35  30  15  40  35 ...    30   20   25    0     5      6  321
14   J5  30  35  30  15  40  35 ...    30   20   25    0     5      6  321
15  J10  49  21   0   0  35   0 ...    35   56   49    7     7     98  371
16  J14  18  72  27   9   0   0 ...    27   54    0    0     9     97  376
17   J8  63   0   0  45   0   0 ...    72   27    0    0     9     41  392
18   J3   0   0   0   0   0  50 ...    50   60   50   10    10     44  444
19  J18   0   0   0   0   0  50 ...    50   60   50   10    10     44  444

[20 rows x 19 columns] 


df1 Eklendi
 Experiment278
Job  J1  J16  J4  J19  J7  J15  J2  J17 ...   J9  J20  J5  J10  J14  J8  J3  J18
O1    2    2   0    0   0    0   0    0 ...    0   30  30   49   18  63   0    0
O2    0    0   0    0   0    0   0    0 ...    8   35  35   21   72   0   0    0
O3    5    5   0    0   0    0   0    0 ...    0   30  30    0   27   0   0    0
O4    1    1   0    0   2    0   0    0 ...    0   15  15    0    9  45   0    0
O5    0    0   0    0   6    0  16   16 ...    0   40  40   35    0   0   0    0
O6    0    0   0    0   7    0   0    0 ...    0   35  35    0    0   0  50   50
O7    0    0   0    0   3    0   0    0 ...   48   35  35    0    0   0  30   30
O8    0    0   0    0   6    0   0    0 ...   16   20  20    0   54   0  70   70
O9    0    0  14   14   4    0   0    0 ...    0    0   0    0   18   9  10   10
O10   0    0   6    6   5    9   0    0 ...    0    0   0   21    0  54   0    0
O11   0    0  20   20   6    2   0    0 ...    0    0   0    0    0  81  70   70
O12   0    0   0    0   0    8  32   32 ...   56   30  30   35   27  72  50   50
O13   4    4   0    0   0    4  56   56 ...   32   20  20   56   54  27  60   60
O14   5    5   0    0   0    9   0    0 ...    0   25  25   49    0   0  50   50
O15   0    0   0    0   0    0   0    0 ...    0    0   0    7    0   0  10   10

[15 rows x 20 columns] 


df2 Eklendi
 Experiment278
Job    J1  J16  J4  J19  J7  J15  J2 ...   J20  J5  J10  J14  J8  J3  J18
O1      2    2   0    0   0    0   0 ...    30  30   49   18  63   0    0
O2      0    0   0    0   0    0   0 ...    35  35   21   72   0   0    0
O3      5    5   0    0   0    0   0 ...    30  30    0   27   0   0    0
O4      1    1   0    0   2    0   0 ...    15  15    0    9  45   0    0
O5      0    0   0    0   6    0  16 ...    40  40   35    0   0   0    0
O6      0    0   0    0   7    0   0 ...    35  35    0    0   0  50   50
O7      0    0   0    0   3    0   0 ...    35  35    0    0   0  30   30
O8      0    0   0    0   6    0   0 ...    20  20    0   54   0  70   70
O9      0    0  14   14   4    0   0 ...     0   0    0   18   9  10   10
O10     0    0   6    6   5    9   0 ...     0   0   21    0  54   0    0
O11     0    0  20   20   6    2   0 ...     0   0    0    0  81  70   70
O12     0    0   0    0   0    8  32 ...    30  30   35   27  72  50   50
O13     4    4   0    0   0    4  56 ...    20  20   56   54  27  60   60
O14     5    5   0    0   0    9   0 ...    25  25   49    0   0  50   50
O15     0    0   0    0   0    0   0 ...     0   0    7    0   0  10   10
PROC    1    1   2    2   1    1   8 ...     5   5    7    9   9  10   10
SETUP  18   18  44   44  55   65   8 ...     6   6   98   97  41  44   44

[17 rows x 20 columns] 


JobListe Eklendi
 Experiment278
0      J1
1     J16
2      J4
3     J19
4      J7
5     J15
6      J2
7     J17
8     J13
9     J11
10    J12
11     J6
12     J9
13    J20
14     J5
15    J10
16    J14
17     J8
18     J3
19    J18
Name: Job, dtype: object 


Sýralama Eklendi
 Experiment278
{'J18': ['O9', 'O15', 'O7', 'O6', 'O12', 'O14', 'O13', 'O8', 'O11'], 'J8': ['O9', 'O13', 'O4', 'O10', 'O1', 'O12', 'O11'], 'J7': ['O4', 'O7', 'O9', 'O10', 'O5', 'O8', 'O11', 'O6'], 'J16': ['O4', 'O1', 'O13', 'O3', 'O14'], 'J12': ['O9', 'O5', 'O11'], 'J17': ['O5', 'O12', 'O13'], 'J19': ['O10', 'O9', 'O11'], 'J15': ['O11', 'O13', 'O12', 'O10', 'O14'], 'J14': ['O4', 'O1', 'O9', 'O3', 'O12', 'O8', 'O13', 'O2'], 'J5': ['O4', 'O8', 'O13', 'O14', 'O1', 'O3', 'O12', 'O2', 'O6', 'O7', 'O5'], 'J9': ['O2', 'O8', 'O13', 'O7', 'O12'], 'J3': ['O9', 'O15', 'O7', 'O6', 'O12', 'O14', 'O13', 'O8', 'O11'], 'J1': ['O4', 'O1', 'O13', 'O3', 'O14'], 'J2': ['O5', 'O12', 'O13'], 'J11': ['O4', 'O7', 'O6', 'O13', 'O14'], 'J10': ['O15', 'O2', 'O10', 'O5', 'O12', 'O1', 'O14', 'O13'], 'J20': ['O4', 'O8', 'O13', 'O14', 'O1', 'O3', 'O12', 'O2', 'O6', 'O7', 'O5'], 'J6': ['O2', 'O14', 'O13', 'O11', 'O4', 'O12', 'O15', 'O3', 'O10', 'O1'], 'J13': ['O1', 'O2', 'O4', 'O9', 'O5', 'O8', 'O3', 'O15'], 'J4': ['O10', 'O9', 'O11']} 


orderToplamListesi Eklendi
 Experiment278
{'O7': 3943, 'O4': 3099, 'O14': 4093, 'O5': 2399, 'O11': 4293, 'O9': 3903, 'O8': 4223, 'O10': 3153, 'O2': 2833, 'O1': 3216, 'O15': 3913, 'O12': 4043, 'O3': 2761, 'O6': 3993, 'O13': 4153} 


Toplam Eklendi
 Experiment278
Toplam 54018 Geçen Süre : 4.301233299999922 sn 


Dosyada Geçen Süre : 4.306458799999973 sn 


Toplamda Geçen Süre : 537.5463898 sn 


Ýlk Okuma
 Experiment279
    Exp  Job  O1  O2  O3  O4  O5  ...    O11  O12  O13  O14  O15  PROC  SETUP
0   279   J1   0   0   0   3   0  ...      0    0    9   10    0     2     94
1   279   J2   0   0   0   0   5  ...     10    0    0    0    0     8     65
2   279   J3   1   1   7   2   4  ...      0    0    0    0    8     3     60
3   279   J4   2   8   3   1   0  ...      0    3    6    0    0     9     97
4   279   J5   0   0   0   0   0  ...      2    8    4    9    0     1     65
5   279   J6   0   0   0   0   1  ...      0    0    0    0    1     3     38
6   279   J7   0   3  10   6   7  ...      0    0    0    0    0     5     27
7   279   J8   6   7   2   5   1  ...      9    9    4    6    5     8     16
8   279   J9   1   8   0   4   0  ...      0    0    5    6    3     1     45
9   279  J10   1   7   5   0   0  ...      3    8    0    0    0     3     30
10  279  J11   2   6   0   8   0  ...      4    3    2    9    9     1    180
11  279  J12   0   0   8   0   9  ...      0    2    7   10    0     7     75
12  279  J13   0   0   0   0   0  ...      0    8    7    0    0     1     70
13  279  J14   4   0   6   7   0  ...      1    8    8    9    6     2    144
14  279  J15   0   2   0   0   0  ...      0    0    0    5    0     1    154
15  279  J16   0   0   0   3   0  ...      0    0    9   10    0     2     94
16  279  J17   0   0   0   0   5  ...     10    0    0    0    0     8     65
17  279  J18   1   1   7   2   4  ...      0    0    0    0    8     3     60
18  279  J19   2   8   3   1   0  ...      0    3    6    0    0     9     97
19  279  J20   0   0   0   0   0  ...      2    8    4    9    0     1     65

[20 rows x 19 columns] 


Sum Eklendi
 Experiment279
    Job  O1  O2  O3  O4  O5  O6 ...   O12  O13  O14  O15  PROC  SETUP  SUM
0    J6   0   0   0   0   3   0 ...     0    0    0    3     3     38   44
1    J9   1   8   0   4   0   0 ...     0    5    6    3     1     45   81
2   J13   0   0   0   0   0   0 ...     8    7    0    0     1     70   90
3   J20   0   0   0   0   0   0 ...     8    4    9    0     1     65   97
4    J5   0   0   0   0   0   0 ...     8    4    9    0     1     65   97
5   J10   3  21  15   0   0   0 ...    24    0    0    0     3     30  102
6    J3   3   3  21   6  12   0 ...     0    0    0   24     3     60  153
7   J18   3   3  21   6  12   0 ...     0    0    0   24     3     60  153
8   J16   0   0   0   6   0  10 ...     0   18   20    0     2     94  156
9    J1   0   0   0   6   0  10 ...     0   18   20    0     2     94  156
10  J15   0   2   0   0   0   0 ...     0    0    5    0     1    154  161
11   J7   0  15  50  30  35   0 ...     0    0    0    0     5     27  162
12   J2   0   0   0   0  40   0 ...     0    0    0    0     8     65  209
13  J17   0   0   0   0  40   0 ...     0    0    0    0     8     65  209
14  J11   2   6   0   8   0   5 ...     3    2    9    9     1    180  235
15  J14   8   0  12  14   0   4 ...    16   16   18   12     2    144  272
16  J12   0   0  56   0  63   0 ...    14   49   70    0     7     75  327
17  J19  18  72  27   9   0   0 ...    27   54    0    0     9     97  376
18   J4  18  72  27   9   0   0 ...    27   54    0    0     9     97  376
19   J8  48  56  16  40   8  64 ...    72   32   48   40     8     16  736

[20 rows x 19 columns] 


df1 Eklendi
 Experiment279
Job  J6  J9  J13  J20  J5  J10  J3  J18 ...  J2  J17  J11  J14  J12  J19  J4  J8
O1    0   1    0    0   0    3   3    3 ...   0    0    2    8    0   18  18  48
O2    0   8    0    0   0   21   3    3 ...   0    0    6    0    0   72  72  56
O3    0   0    0    0   0   15  21   21 ...   0    0    0   12   56   27  27  16
O4    0   4    0    0   0    0   6    6 ...   0    0    8   14    0    9   9  40
O5    3   0    0    0   0    0  12   12 ...  40   40    0    0   63    0   0   8
O6    0   0    0    0   0    0   0    0 ...   0    0    5    4    0    0   0  64
O7    0   0    0    0   0    0   0    0 ...   0    0    1    0    0    0   0  64
O8    0   0    0    0   0    0  15   15 ...   0    0    6    2    0   54  54  40
O9    0   9    1    0   0    0   9    9 ...  24   24    0   10    0   18  18  80
O10   0   0    4    9   9    0   0    0 ...   0    0    0   14    0    0   0  40
O11   0   0    0    2   2    9   0    0 ...  80   80    4    2    0    0   0  72
O12   0   0    8    8   8   24   0    0 ...   0    0    3   16   14   27  27  72
O13   0   5    7    4   4    0   0    0 ...   0    0    2   16   49   54  54  32
O14   0   6    0    9   9    0   0    0 ...   0    0    9   18   70    0   0  48
O15   3   3    0    0   0    0  24   24 ...   0    0    9   12    0    0   0  40

[15 rows x 20 columns] 


df2 Eklendi
 Experiment279
Job    J6  J9  J13  J20  J5  J10  J3 ...  J17  J11  J14  J12  J19  J4  J8
O1      0   1    0    0   0    3   3 ...    0    2    8    0   18  18  48
O2      0   8    0    0   0   21   3 ...    0    6    0    0   72  72  56
O3      0   0    0    0   0   15  21 ...    0    0   12   56   27  27  16
O4      0   4    0    0   0    0   6 ...    0    8   14    0    9   9  40
O5      3   0    0    0   0    0  12 ...   40    0    0   63    0   0   8
O6      0   0    0    0   0    0   0 ...    0    5    4    0    0   0  64
O7      0   0    0    0   0    0   0 ...    0    1    0    0    0   0  64
O8      0   0    0    0   0    0  15 ...    0    6    2    0   54  54  40
O9      0   9    1    0   0    0   9 ...   24    0   10    0   18  18  80
O10     0   0    4    9   9    0   0 ...    0    0   14    0    0   0  40
O11     0   0    0    2   2    9   0 ...   80    4    2    0    0   0  72
O12     0   0    8    8   8   24   0 ...    0    3   16   14   27  27  72
O13     0   5    7    4   4    0   0 ...    0    2   16   49   54  54  32
O14     0   6    0    9   9    0   0 ...    0    9   18   70    0   0  48
O15     3   3    0    0   0    0  24 ...    0    9   12    0    0   0  40
PROC    3   1    1    1   1    3   3 ...    8    1    2    7    9   9   8
SETUP  38  45   70   65  65   30  60 ...   65  180  144   75   97  97  16

[17 rows x 20 columns] 


JobListe Eklendi
 Experiment279
0      J6
1      J9
2     J13
3     J20
4      J5
5     J10
6      J3
7     J18
8     J16
9      J1
10    J15
11     J7
12     J2
13    J17
14    J11
15    J14
16    J12
17    J19
18     J4
19     J8
Name: Job, dtype: object 


Sýralama Eklendi
 Experiment279
{'J18': ['O1', 'O2', 'O4', 'O9', 'O5', 'O8', 'O3', 'O15'], 'J8': ['O5', 'O3', 'O13', 'O4', 'O8', 'O10', 'O15', 'O1', 'O14', 'O2', 'O6', 'O7', 'O11', 'O12', 'O9'], 'J7': ['O9', 'O2', 'O4', 'O5', 'O3'], 'J16': ['O4', 'O7', 'O6', 'O13', 'O14'], 'J12': ['O12', 'O13', 'O3', 'O5', 'O14'], 'J9': ['O1', 'O15', 'O4', 'O13', 'O14', 'O2', 'O9'], 'J17': ['O9', 'O5', 'O11'], 'J19': ['O4', 'O1', 'O9', 'O3', 'O12', 'O8', 'O13', 'O2'], 'J15': ['O2', 'O14'], 'J14': ['O8', 'O11', 'O6', 'O1', 'O9', 'O3', 'O15', 'O4', 'O10', 'O12', 'O13', 'O14'], 'J5': ['O11', 'O13', 'O12', 'O10', 'O14'], 'J11': ['O7', 'O1', 'O13', 'O12', 'O11', 'O6', 'O2', 'O8', 'O4', 'O14', 'O15'], 'J4': ['O4', 'O1', 'O9', 'O3', 'O12', 'O8', 'O13', 'O2'], 'J2': ['O9', 'O5', 'O11'], 'J13': ['O9', 'O10', 'O13', 'O12'], 'J10': ['O1', 'O11', 'O3', 'O2', 'O12'], 'J20': ['O11', 'O13', 'O12', 'O10', 'O14'], 'J6': ['O5', 'O15'], 'J1': ['O4', 'O7', 'O6', 'O13', 'O14'], 'J3': ['O1', 'O2', 'O4', 'O9', 'O5', 'O8', 'O3', 'O15']} 


