Ýlk Okuma
 Experiment326
   Exp  Job  O1  O2  O3  O4  O5  O6  O7  O8  O9  O10  O11  O12  O13  O14  O15  O16  O17  O18  O19  O20  PROC  SETUP
0   J1    4   3   0   5   0   7   0   8   0   9    2    0    0    0    0    8    6    1    7    4    9    16    NaN
1   J2    0   0   4   0   0   0   6   0   0   0    0    1    0    0    0    0    8    0    0    0    4    24    NaN
2   J3    0   0   0   0   0   0   0   0   2   0    4    0    0    5    0    6    4   10    0    4   10     4    NaN
3   J4    0   8   1   0   7   3   4   0   0   0    0    4    7    0    0    6    2    9    3    0    7    18    NaN
4   J5    2   3   6   5   8   1   1   5  10   9    0    0    8    0    4    0    6    5    0    0    4     6    NaN
5   J6    9   2   8   1   0   0   0   0   0   0    4    0    0    0    0    9    2    8    1    0    6    46    NaN
6   J7    0   0   0   3   0   3   9   4   3   9    7    2    3    2    0    0    0    0    3    0    5    17    NaN
7   J8    0   0  10   7   0   0   0   0   0   0    1    6    0    0    7    0    0   10    7    0    6    38    NaN
8   J9    0   6   0   0   0   0   3   4   0   0    0    0    0    0    0    0    6    0    0    0    6     6    NaN
9  J10    7   0   8   7   2   0   0   0   0   2    1    0    0    0    0    7    0    8    7    2    8     0    NaN 
 Experiment326Experiment326
Sum Eklendi
 Experiment326
   Job   O1   O2   O3   O4   O5   O6   O7  O8   O9  O10  O11  O12  O13  O14  O15  O16  O17  O18  O19  O20  PROC  SETUP  SUM
0    4   48    0   80    0  112    0  128   0  144   32    0    0    0    0  128   96   16  112   64  144    16    NaN  NaN
1    0    0   96    0    0    0  144    0   0    0    0   24    0    0    0    0  192    0    0    0   96    24    NaN  NaN
2    0    0    0    0    0    0    0    0   8    0   16    0    0   20    0   24   16   40    0   16   40     4    NaN  NaN
3    0  144   18    0  126   54   72    0   0    0    0   72  126    0    0  108   36  162   54    0  126    18    NaN  NaN
4    2   18   36   30   48    6    6   30  60   54    0    0   48    0   24    0   36   30    0    0   24     6    NaN  NaN
5    9   92  368   46    0    0    0    0   0    0  184    0    0    0    0  414   92  368   46    0  276    46    NaN  NaN
6    0    0    0   51    0   51  153   68  51  153  119   34   51   34    0    0    0    0   51    0   85    17    NaN  NaN
7    0    0  380  266    0    0    0    0   0    0   38  228    0    0  266    0    0  380  266    0  228    38    NaN  NaN
8    0   36    0    0    0    0   18   24   0    0    0    0    0    0    0    0   36    0    0    0   36     6    NaN  NaN
9    7    0    0    0    0    0    0    0   0    0    0    0    0    0    0    0    0    0    0    0    0     0    NaN  NaN 


df1 Eklendi
 Experiment326
Job    4    0   0    0   2    9    0    0   0  7
O1    48    0   0  144  18   92    0    0  36  0
O2     0   96   0   18  36  368    0  380   0  0
O3    80    0   0    0  30   46   51  266   0  0
O4     0    0   0  126  48    0    0    0   0  0
O5   112    0   0   54   6    0   51    0   0  0
O6     0  144   0   72   6    0  153    0  18  0
O7   128    0   0    0  30    0   68    0  24  0
O8     0    0   8    0  60    0   51    0   0  0
O9   144    0   0    0  54    0  153    0   0  0
O10   32    0  16    0   0  184  119   38   0  0
O11    0   24   0   72   0    0   34  228   0  0
O12    0    0   0  126  48    0   51    0   0  0
O13    0    0  20    0   0    0   34    0   0  0
O14    0    0   0    0  24    0    0  266   0  0
O15  128    0  24  108   0  414    0    0   0  0
O16   96  192  16   36  36   92    0    0  36  0
O17   16    0  40  162  30  368    0  380   0  0
O18  112    0   0   54   0   46   51  266   0  0
O19   64    0  16    0   0    0    0    0   0  0
O20  144   96  40  126  24  276   85  228  36  0 


df2 Eklendi
 Experiment326
Job        4      0     0      0     2      9      0      0     0    7
O1      48.0    0.0   0.0  144.0  18.0   92.0    0.0    0.0  36.0  0.0
O2       0.0   96.0   0.0   18.0  36.0  368.0    0.0  380.0   0.0  0.0
O3      80.0    0.0   0.0    0.0  30.0   46.0   51.0  266.0   0.0  0.0
O4       0.0    0.0   0.0  126.0  48.0    0.0    0.0    0.0   0.0  0.0
O5     112.0    0.0   0.0   54.0   6.0    0.0   51.0    0.0   0.0  0.0
O6       0.0  144.0   0.0   72.0   6.0    0.0  153.0    0.0  18.0  0.0
O7     128.0    0.0   0.0    0.0  30.0    0.0   68.0    0.0  24.0  0.0
O8       0.0    0.0   8.0    0.0  60.0    0.0   51.0    0.0   0.0  0.0
O9     144.0    0.0   0.0    0.0  54.0    0.0  153.0    0.0   0.0  0.0
O10     32.0    0.0  16.0    0.0   0.0  184.0  119.0   38.0   0.0  0.0
O11      0.0   24.0   0.0   72.0   0.0    0.0   34.0  228.0   0.0  0.0
O12      0.0    0.0   0.0  126.0  48.0    0.0   51.0    0.0   0.0  0.0
O13      0.0    0.0  20.0    0.0   0.0    0.0   34.0    0.0   0.0  0.0
O14      0.0    0.0   0.0    0.0  24.0    0.0    0.0  266.0   0.0  0.0
O15    128.0    0.0  24.0  108.0   0.0  414.0    0.0    0.0   0.0  0.0
O16     96.0  192.0  16.0   36.0  36.0   92.0    0.0    0.0  36.0  0.0
O17     16.0    0.0  40.0  162.0  30.0  368.0    0.0  380.0   0.0  0.0
O18    112.0    0.0   0.0   54.0   0.0   46.0   51.0  266.0   0.0  0.0
O19     64.0    0.0  16.0    0.0   0.0    0.0    0.0    0.0   0.0  0.0
O20    144.0   96.0  40.0  126.0  24.0  276.0   85.0  228.0  36.0  0.0
PROC    16.0   24.0   4.0   18.0   6.0   46.0   17.0   38.0   6.0  0.0
SETUP    NaN    NaN   NaN    NaN   NaN    NaN    NaN    NaN   NaN  NaN 


JobListe Eklendi
 Experiment326
0    4
1    0
2    0
3    0
4    2
5    9
6    0
7    0
8    0
9    7
Name: Job, dtype: int64 


